   490.000000   265.000000   272.000000   302.000000   278.000000
   560.000000   491.000000   502.000000   547.000000   521.000000
   665.000000   576.000000   644.000000   594.000000   558.000000
   705.000000   926.000000  1031.000000  1032.000000  1177.000000
   740.000000  1305.000000  1502.000000  1603.000000  1814.000000
   786.000000  1474.999878  1766.000000  1773.000122  2019.000000
   842.000000  1614.000000  1820.000000  1980.000000  2230.000000
   865.000000  1693.000000  2065.000000  2129.000000  2294.000000
  1610.000000  1020.000000  1085.000000  1102.000000   957.000061
  2190.000000   631.000000   681.000000   680.000061   592.000000
