"","OOB","1","2","3","4","5"
"1",0.148936170212766,0.0714285714285714,0.0476190476190476,0.333333333333333,0,0.461538461538462
"2",0.142857142857143,0.0714285714285714,0.0882352941176471,0.304347826086957,0.0357142857142857,0.35
"3",0.157894736842105,0.142857142857143,0.0714285714285714,0.3125,0.0277777777777778,0.333333333333333
"4",0.147465437788018,0.138461538461538,0.08,0.305555555555556,0.025,0.269230769230769
"5",0.146017699115044,0.130434782608696,0.0576923076923077,0.297297297297297,0.0476190476190476,0.307692307692308
"6",0.134453781512605,0.106666666666667,0.037037037037037,0.384615384615385,0.0227272727272727,0.230769230769231
"7",0.0991735537190083,0.08,0.0178571428571429,0.325,0,0.148148148148148
"8",0.120481927710843,0.103896103896104,0.0526315789473684,0.317073170731707,0,0.214285714285714
"9",0.124,0.0897435897435897,0.087719298245614,0.317073170731707,0,0.214285714285714
"10",0.134387351778656,0.128205128205128,0.0677966101694915,0.341463414634146,0.0217391304347826,0.172413793103448
"11",0.126482213438735,0.115384615384615,0.0847457627118644,0.292682926829268,0,0.206896551724138
"12",0.0980392156862745,0.102564102564103,0.0333333333333333,0.24390243902439,0,0.166666666666667
"13",0.08984375,0.10126582278481,0.0166666666666667,0.219512195121951,0,0.166666666666667
"14",0.08984375,0.10126582278481,0.0166666666666667,0.219512195121951,0,0.166666666666667
"15",0.08984375,0.0886075949367089,0.0333333333333333,0.219512195121951,0,0.166666666666667
"16",0.0859375,0.0632911392405063,0.0333333333333333,0.24390243902439,0,0.166666666666667
"17",0.08984375,0.0759493670886076,0.0333333333333333,0.24390243902439,0,0.166666666666667
"18",0.07421875,0.0379746835443038,0.0333333333333333,0.195121951219512,0,0.2
"19",0.0739299610894942,0.0506329113924051,0.0166666666666667,0.195121951219512,0,0.2
"20",0.0700389105058366,0.0632911392405063,0.0166666666666667,0.170731707317073,0,0.166666666666667
"21",0.066147859922179,0.0632911392405063,0.0166666666666667,0.121951219512195,0,0.2
"22",0.066147859922179,0.0379746835443038,0.0166666666666667,0.195121951219512,0,0.166666666666667
"23",0.066147859922179,0.0379746835443038,0.0166666666666667,0.195121951219512,0,0.166666666666667
"24",0.0583657587548638,0.0126582278481013,0.0166666666666667,0.195121951219512,0,0.166666666666667
"25",0.0466926070038911,0.0126582278481013,0,0.146341463414634,0,0.166666666666667
"26",0.0505836575875486,0.0126582278481013,0.0166666666666667,0.146341463414634,0,0.166666666666667
"27",0.0583657587548638,0.0253164556962025,0.0166666666666667,0.170731707317073,0,0.166666666666667
"28",0.0622568093385214,0.0253164556962025,0.0166666666666667,0.170731707317073,0,0.2
"29",0.0583657587548638,0.0126582278481013,0.0166666666666667,0.170731707317073,0,0.2
"30",0.0622568093385214,0.0253164556962025,0.0166666666666667,0.195121951219512,0,0.166666666666667
"31",0.066147859922179,0.0126582278481013,0.0166666666666667,0.219512195121951,0,0.2
"32",0.0700389105058366,0.0379746835443038,0.0166666666666667,0.195121951219512,0,0.2
"33",0.0622568093385214,0.0379746835443038,0.0166666666666667,0.170731707317073,0,0.166666666666667
"34",0.0622568093385214,0.0253164556962025,0.0166666666666667,0.195121951219512,0,0.166666666666667
"35",0.0583657587548638,0.0379746835443038,0.0166666666666667,0.146341463414634,0,0.166666666666667
"36",0.0583657587548638,0.0253164556962025,0.0166666666666667,0.146341463414634,0,0.2
"37",0.0622568093385214,0.0253164556962025,0.0166666666666667,0.170731707317073,0,0.2
"38",0.0583657587548638,0.0253164556962025,0.0166666666666667,0.170731707317073,0,0.166666666666667
"39",0.066147859922179,0.0253164556962025,0.0333333333333333,0.170731707317073,0,0.2
"40",0.0739299610894942,0.0379746835443038,0.0333333333333333,0.195121951219512,0,0.2
"41",0.0700389105058366,0.0379746835443038,0.0166666666666667,0.195121951219512,0,0.2
"42",0.0700389105058366,0.0379746835443038,0.0333333333333333,0.170731707317073,0,0.2
"43",0.066147859922179,0.0379746835443038,0.0333333333333333,0.170731707317073,0,0.166666666666667
"44",0.0700389105058366,0.0379746835443038,0.0166666666666667,0.195121951219512,0,0.2
"45",0.0700389105058366,0.0379746835443038,0.0166666666666667,0.195121951219512,0,0.2
"46",0.0700389105058366,0.0379746835443038,0.0166666666666667,0.195121951219512,0,0.2
"47",0.066147859922179,0.0379746835443038,0.0166666666666667,0.195121951219512,0,0.166666666666667
"48",0.0700389105058366,0.0379746835443038,0.0166666666666667,0.195121951219512,0,0.2
"49",0.066147859922179,0.0379746835443038,0.0166666666666667,0.195121951219512,0,0.166666666666667
"50",0.0700389105058366,0.0379746835443038,0.0166666666666667,0.195121951219512,0,0.2
"51",0.066147859922179,0.0379746835443038,0,0.195121951219512,0,0.2
"52",0.0700389105058366,0.0379746835443038,0.0166666666666667,0.195121951219512,0,0.2
"53",0.0700389105058366,0.0379746835443038,0.0166666666666667,0.195121951219512,0,0.2
"54",0.0700389105058366,0.0379746835443038,0.0166666666666667,0.195121951219512,0,0.2
"55",0.0700389105058366,0.0379746835443038,0.0166666666666667,0.195121951219512,0,0.2
"56",0.0700389105058366,0.0379746835443038,0.0166666666666667,0.195121951219512,0,0.2
"57",0.066147859922179,0.0379746835443038,0,0.195121951219512,0,0.2
"58",0.0700389105058366,0.0379746835443038,0.0166666666666667,0.195121951219512,0,0.2
"59",0.0622568093385214,0.0379746835443038,0,0.195121951219512,0,0.166666666666667
"60",0.0622568093385214,0.0379746835443038,0,0.195121951219512,0,0.166666666666667
"61",0.066147859922179,0.0379746835443038,0.0166666666666667,0.195121951219512,0,0.166666666666667
"62",0.0700389105058366,0.0379746835443038,0.0166666666666667,0.219512195121951,0,0.166666666666667
"63",0.0700389105058366,0.0379746835443038,0.0166666666666667,0.219512195121951,0,0.166666666666667
"64",0.066147859922179,0.0379746835443038,0,0.219512195121951,0,0.166666666666667
"65",0.0700389105058366,0.0379746835443038,0,0.219512195121951,0,0.2
"66",0.0700389105058366,0.0379746835443038,0,0.219512195121951,0,0.2
"67",0.0700389105058366,0.0379746835443038,0,0.219512195121951,0,0.2
"68",0.066147859922179,0.0379746835443038,0,0.195121951219512,0,0.2
"69",0.0622568093385214,0.0253164556962025,0.0166666666666667,0.195121951219512,0,0.166666666666667
"70",0.0622568093385214,0.0253164556962025,0.0166666666666667,0.195121951219512,0,0.166666666666667
"71",0.0583657587548638,0.0253164556962025,0,0.195121951219512,0,0.166666666666667
"72",0.0622568093385214,0.0253164556962025,0.0166666666666667,0.195121951219512,0,0.166666666666667
"73",0.0622568093385214,0.0253164556962025,0.0166666666666667,0.195121951219512,0,0.166666666666667
"74",0.0622568093385214,0.0253164556962025,0.0166666666666667,0.195121951219512,0,0.166666666666667
"75",0.0622568093385214,0.0253164556962025,0.0166666666666667,0.195121951219512,0,0.166666666666667
"76",0.0622568093385214,0.0253164556962025,0.0166666666666667,0.195121951219512,0,0.166666666666667
"77",0.0622568093385214,0.0253164556962025,0.0166666666666667,0.195121951219512,0,0.166666666666667
"78",0.0622568093385214,0.0253164556962025,0.0166666666666667,0.195121951219512,0,0.166666666666667
"79",0.066147859922179,0.0379746835443038,0.0166666666666667,0.195121951219512,0,0.166666666666667
"80",0.066147859922179,0.0379746835443038,0.0166666666666667,0.195121951219512,0,0.166666666666667
"81",0.0622568093385214,0.0253164556962025,0.0166666666666667,0.195121951219512,0,0.166666666666667
"82",0.0622568093385214,0.0253164556962025,0.0166666666666667,0.195121951219512,0,0.166666666666667
"83",0.066147859922179,0.0253164556962025,0.0166666666666667,0.195121951219512,0,0.2
"84",0.066147859922179,0.0253164556962025,0.0166666666666667,0.195121951219512,0,0.2
"85",0.066147859922179,0.0253164556962025,0.0166666666666667,0.195121951219512,0,0.2
"86",0.066147859922179,0.0253164556962025,0.0166666666666667,0.195121951219512,0,0.2
"87",0.0700389105058366,0.0379746835443038,0.0166666666666667,0.195121951219512,0,0.2
"88",0.0739299610894942,0.0506329113924051,0.0166666666666667,0.195121951219512,0,0.2
"89",0.066147859922179,0.0379746835443038,0,0.195121951219512,0,0.2
"90",0.066147859922179,0.0253164556962025,0.0166666666666667,0.195121951219512,0,0.2
"91",0.0622568093385214,0.0253164556962025,0,0.195121951219512,0,0.2
"92",0.066147859922179,0.0253164556962025,0.0166666666666667,0.195121951219512,0,0.2
"93",0.0622568093385214,0.0253164556962025,0,0.195121951219512,0,0.2
"94",0.066147859922179,0.0253164556962025,0,0.195121951219512,0,0.233333333333333
"95",0.0622568093385214,0.0253164556962025,0,0.170731707317073,0,0.233333333333333
"96",0.066147859922179,0.0253164556962025,0,0.195121951219512,0,0.233333333333333
"97",0.0622568093385214,0.0253164556962025,0,0.170731707317073,0,0.233333333333333
"98",0.0583657587548638,0.0253164556962025,0,0.170731707317073,0,0.2
"99",0.066147859922179,0.0379746835443038,0,0.170731707317073,0,0.233333333333333
"100",0.0583657587548638,0.0253164556962025,0,0.170731707317073,0,0.2
"101",0.066147859922179,0.0253164556962025,0,0.195121951219512,0,0.233333333333333
"102",0.0622568093385214,0.0379746835443038,0,0.170731707317073,0,0.2
"103",0.066147859922179,0.0379746835443038,0,0.170731707317073,0,0.233333333333333
"104",0.066147859922179,0.0379746835443038,0,0.170731707317073,0,0.233333333333333
"105",0.0622568093385214,0.0379746835443038,0,0.170731707317073,0,0.2
"106",0.0622568093385214,0.0379746835443038,0,0.170731707317073,0,0.2
"107",0.0622568093385214,0.0253164556962025,0,0.195121951219512,0,0.2
"108",0.0622568093385214,0.0253164556962025,0,0.195121951219512,0,0.2
"109",0.0583657587548638,0.0253164556962025,0,0.170731707317073,0,0.2
"110",0.0583657587548638,0.0253164556962025,0,0.170731707317073,0,0.2
"111",0.0622568093385214,0.0253164556962025,0,0.195121951219512,0,0.2
"112",0.0622568093385214,0.0253164556962025,0,0.195121951219512,0,0.2
"113",0.0622568093385214,0.0253164556962025,0,0.195121951219512,0,0.2
"114",0.066147859922179,0.0379746835443038,0,0.195121951219512,0,0.2
"115",0.066147859922179,0.0379746835443038,0,0.195121951219512,0,0.2
"116",0.066147859922179,0.0379746835443038,0,0.195121951219512,0,0.2
"117",0.066147859922179,0.0379746835443038,0,0.195121951219512,0,0.2
"118",0.066147859922179,0.0379746835443038,0,0.195121951219512,0,0.2
"119",0.0622568093385214,0.0253164556962025,0,0.195121951219512,0,0.2
"120",0.0622568093385214,0.0253164556962025,0,0.195121951219512,0,0.2
"121",0.066147859922179,0.0379746835443038,0,0.195121951219512,0,0.2
"122",0.066147859922179,0.0379746835443038,0,0.195121951219512,0,0.2
"123",0.0700389105058366,0.0379746835443038,0,0.195121951219512,0,0.233333333333333
"124",0.0622568093385214,0.0253164556962025,0,0.195121951219512,0,0.2
"125",0.0622568093385214,0.0253164556962025,0,0.195121951219512,0,0.2
"126",0.0583657587548638,0.0253164556962025,0,0.195121951219512,0,0.166666666666667
"127",0.0622568093385214,0.0253164556962025,0,0.195121951219512,0,0.2
"128",0.0622568093385214,0.0253164556962025,0,0.195121951219512,0,0.2
"129",0.066147859922179,0.0379746835443038,0,0.195121951219512,0,0.2
"130",0.0583657587548638,0.0253164556962025,0,0.195121951219512,0,0.166666666666667
"131",0.0583657587548638,0.0253164556962025,0,0.195121951219512,0,0.166666666666667
"132",0.0583657587548638,0.0253164556962025,0,0.195121951219512,0,0.166666666666667
"133",0.0583657587548638,0.0253164556962025,0,0.195121951219512,0,0.166666666666667
"134",0.0583657587548638,0.0253164556962025,0,0.195121951219512,0,0.166666666666667
"135",0.0622568093385214,0.0253164556962025,0,0.195121951219512,0,0.2
"136",0.0622568093385214,0.0253164556962025,0,0.195121951219512,0,0.2
"137",0.0583657587548638,0.0253164556962025,0,0.195121951219512,0,0.166666666666667
"138",0.0622568093385214,0.0253164556962025,0,0.195121951219512,0,0.2
"139",0.0622568093385214,0.0253164556962025,0,0.195121951219512,0,0.2
"140",0.0583657587548638,0.0253164556962025,0,0.195121951219512,0,0.166666666666667
"141",0.0622568093385214,0.0253164556962025,0,0.195121951219512,0,0.2
"142",0.0622568093385214,0.0253164556962025,0,0.195121951219512,0,0.2
"143",0.066147859922179,0.0379746835443038,0,0.195121951219512,0,0.2
"144",0.066147859922179,0.0379746835443038,0,0.195121951219512,0,0.2
"145",0.066147859922179,0.0253164556962025,0.0166666666666667,0.195121951219512,0,0.2
"146",0.0622568093385214,0.0253164556962025,0,0.195121951219512,0,0.2
"147",0.0700389105058366,0.0379746835443038,0.0166666666666667,0.195121951219512,0,0.2
"148",0.066147859922179,0.0253164556962025,0.0166666666666667,0.195121951219512,0,0.2
"149",0.066147859922179,0.0253164556962025,0.0166666666666667,0.195121951219512,0,0.2
"150",0.066147859922179,0.0253164556962025,0.0166666666666667,0.195121951219512,0,0.2
"151",0.066147859922179,0.0253164556962025,0.0166666666666667,0.195121951219512,0,0.2
"152",0.066147859922179,0.0253164556962025,0.0166666666666667,0.195121951219512,0,0.2
"153",0.066147859922179,0.0253164556962025,0.0166666666666667,0.195121951219512,0,0.2
"154",0.066147859922179,0.0253164556962025,0.0166666666666667,0.195121951219512,0,0.2
"155",0.066147859922179,0.0253164556962025,0.0166666666666667,0.195121951219512,0,0.2
"156",0.066147859922179,0.0253164556962025,0.0166666666666667,0.195121951219512,0,0.2
"157",0.066147859922179,0.0253164556962025,0.0166666666666667,0.195121951219512,0,0.2
"158",0.066147859922179,0.0253164556962025,0.0166666666666667,0.195121951219512,0,0.2
"159",0.066147859922179,0.0253164556962025,0.0166666666666667,0.195121951219512,0,0.2
"160",0.066147859922179,0.0253164556962025,0.0166666666666667,0.195121951219512,0,0.2
"161",0.066147859922179,0.0253164556962025,0.0166666666666667,0.195121951219512,0,0.2
"162",0.066147859922179,0.0253164556962025,0.0166666666666667,0.195121951219512,0,0.2
"163",0.066147859922179,0.0253164556962025,0.0166666666666667,0.195121951219512,0,0.2
"164",0.0622568093385214,0.0253164556962025,0,0.195121951219512,0,0.2
"165",0.0622568093385214,0.0253164556962025,0,0.195121951219512,0,0.2
"166",0.0622568093385214,0.0253164556962025,0,0.195121951219512,0,0.2
"167",0.0622568093385214,0.0253164556962025,0,0.195121951219512,0,0.2
"168",0.0622568093385214,0.0253164556962025,0,0.195121951219512,0,0.2
"169",0.0622568093385214,0.0253164556962025,0,0.195121951219512,0,0.2
"170",0.0622568093385214,0.0253164556962025,0,0.195121951219512,0,0.2
"171",0.0622568093385214,0.0253164556962025,0,0.195121951219512,0,0.2
"172",0.0622568093385214,0.0253164556962025,0,0.195121951219512,0,0.2
"173",0.066147859922179,0.0253164556962025,0,0.195121951219512,0,0.233333333333333
"174",0.0700389105058366,0.0253164556962025,0.0166666666666667,0.195121951219512,0,0.233333333333333
"175",0.0622568093385214,0.0253164556962025,0,0.195121951219512,0,0.2
"176",0.0700389105058366,0.0253164556962025,0,0.219512195121951,0,0.233333333333333
"177",0.0700389105058366,0.0253164556962025,0,0.219512195121951,0,0.233333333333333
"178",0.0700389105058366,0.0253164556962025,0,0.219512195121951,0,0.233333333333333
"179",0.0700389105058366,0.0253164556962025,0,0.219512195121951,0,0.233333333333333
"180",0.0700389105058366,0.0253164556962025,0,0.219512195121951,0,0.233333333333333
"181",0.0700389105058366,0.0253164556962025,0,0.219512195121951,0,0.233333333333333
"182",0.0700389105058366,0.0253164556962025,0,0.219512195121951,0,0.233333333333333
"183",0.0700389105058366,0.0253164556962025,0,0.219512195121951,0,0.233333333333333
"184",0.0700389105058366,0.0253164556962025,0,0.219512195121951,0,0.233333333333333
"185",0.0700389105058366,0.0253164556962025,0,0.219512195121951,0,0.233333333333333
"186",0.0700389105058366,0.0253164556962025,0,0.219512195121951,0,0.233333333333333
"187",0.0700389105058366,0.0253164556962025,0,0.219512195121951,0,0.233333333333333
"188",0.0700389105058366,0.0253164556962025,0,0.219512195121951,0,0.233333333333333
"189",0.0700389105058366,0.0253164556962025,0,0.219512195121951,0,0.233333333333333
"190",0.0700389105058366,0.0253164556962025,0,0.219512195121951,0,0.233333333333333
"191",0.0700389105058366,0.0253164556962025,0,0.219512195121951,0,0.233333333333333
"192",0.0700389105058366,0.0253164556962025,0,0.219512195121951,0,0.233333333333333
"193",0.0700389105058366,0.0253164556962025,0,0.219512195121951,0,0.233333333333333
"194",0.0700389105058366,0.0253164556962025,0,0.219512195121951,0,0.233333333333333
"195",0.0700389105058366,0.0253164556962025,0,0.219512195121951,0,0.233333333333333
"196",0.0700389105058366,0.0253164556962025,0,0.219512195121951,0,0.233333333333333
"197",0.0700389105058366,0.0253164556962025,0,0.219512195121951,0,0.233333333333333
"198",0.0700389105058366,0.0253164556962025,0,0.219512195121951,0,0.233333333333333
"199",0.0700389105058366,0.0253164556962025,0,0.219512195121951,0,0.233333333333333
"200",0.0700389105058366,0.0253164556962025,0,0.219512195121951,0,0.233333333333333
"201",0.0700389105058366,0.0253164556962025,0,0.219512195121951,0,0.233333333333333
"202",0.0700389105058366,0.0253164556962025,0,0.219512195121951,0,0.233333333333333
"203",0.0700389105058366,0.0253164556962025,0,0.219512195121951,0,0.233333333333333
"204",0.0700389105058366,0.0253164556962025,0,0.219512195121951,0,0.233333333333333
"205",0.0700389105058366,0.0253164556962025,0,0.219512195121951,0,0.233333333333333
"206",0.0700389105058366,0.0253164556962025,0,0.219512195121951,0,0.233333333333333
"207",0.0700389105058366,0.0253164556962025,0,0.219512195121951,0,0.233333333333333
"208",0.0700389105058366,0.0253164556962025,0,0.219512195121951,0,0.233333333333333
"209",0.0700389105058366,0.0253164556962025,0,0.219512195121951,0,0.233333333333333
"210",0.0739299610894942,0.0253164556962025,0,0.24390243902439,0,0.233333333333333
"211",0.0739299610894942,0.0253164556962025,0,0.24390243902439,0,0.233333333333333
"212",0.0739299610894942,0.0253164556962025,0,0.24390243902439,0,0.233333333333333
"213",0.0739299610894942,0.0253164556962025,0,0.24390243902439,0,0.233333333333333
"214",0.0739299610894942,0.0253164556962025,0,0.24390243902439,0,0.233333333333333
"215",0.0739299610894942,0.0253164556962025,0,0.24390243902439,0,0.233333333333333
"216",0.0739299610894942,0.0253164556962025,0,0.24390243902439,0,0.233333333333333
"217",0.0739299610894942,0.0253164556962025,0,0.24390243902439,0,0.233333333333333
"218",0.0700389105058366,0.0253164556962025,0,0.219512195121951,0,0.233333333333333
"219",0.0739299610894942,0.0253164556962025,0,0.24390243902439,0,0.233333333333333
"220",0.0739299610894942,0.0253164556962025,0,0.24390243902439,0,0.233333333333333
"221",0.0739299610894942,0.0253164556962025,0,0.24390243902439,0,0.233333333333333
"222",0.0700389105058366,0.0253164556962025,0,0.219512195121951,0,0.233333333333333
"223",0.0700389105058366,0.0253164556962025,0,0.219512195121951,0,0.233333333333333
"224",0.0700389105058366,0.0253164556962025,0,0.219512195121951,0,0.233333333333333
"225",0.0739299610894942,0.0253164556962025,0,0.24390243902439,0,0.233333333333333
"226",0.0700389105058366,0.0253164556962025,0,0.219512195121951,0,0.233333333333333
"227",0.0739299610894942,0.0253164556962025,0,0.24390243902439,0,0.233333333333333
"228",0.066147859922179,0.0253164556962025,0,0.195121951219512,0,0.233333333333333
"229",0.0700389105058366,0.0253164556962025,0,0.219512195121951,0,0.233333333333333
"230",0.0700389105058366,0.0253164556962025,0,0.219512195121951,0,0.233333333333333
"231",0.0700389105058366,0.0253164556962025,0,0.219512195121951,0,0.233333333333333
"232",0.066147859922179,0.0253164556962025,0,0.195121951219512,0,0.233333333333333
"233",0.0700389105058366,0.0253164556962025,0,0.219512195121951,0,0.233333333333333
"234",0.0700389105058366,0.0253164556962025,0,0.219512195121951,0,0.233333333333333
"235",0.0700389105058366,0.0253164556962025,0,0.219512195121951,0,0.233333333333333
"236",0.066147859922179,0.0253164556962025,0,0.195121951219512,0,0.233333333333333
"237",0.066147859922179,0.0253164556962025,0,0.195121951219512,0,0.233333333333333
"238",0.0700389105058366,0.0253164556962025,0,0.219512195121951,0,0.233333333333333
"239",0.0700389105058366,0.0253164556962025,0,0.219512195121951,0,0.233333333333333
"240",0.0700389105058366,0.0253164556962025,0,0.219512195121951,0,0.233333333333333
"241",0.0700389105058366,0.0253164556962025,0,0.219512195121951,0,0.233333333333333
"242",0.066147859922179,0.0253164556962025,0,0.219512195121951,0,0.2
"243",0.0700389105058366,0.0253164556962025,0,0.219512195121951,0,0.233333333333333
"244",0.0622568093385214,0.0253164556962025,0,0.195121951219512,0,0.2
"245",0.066147859922179,0.0253164556962025,0,0.195121951219512,0,0.233333333333333
"246",0.066147859922179,0.0253164556962025,0,0.195121951219512,0,0.233333333333333
"247",0.0700389105058366,0.0253164556962025,0,0.219512195121951,0,0.233333333333333
"248",0.0700389105058366,0.0253164556962025,0,0.219512195121951,0,0.233333333333333
"249",0.0700389105058366,0.0253164556962025,0,0.219512195121951,0,0.233333333333333
"250",0.0700389105058366,0.0253164556962025,0,0.219512195121951,0,0.233333333333333
"251",0.0700389105058366,0.0253164556962025,0,0.219512195121951,0,0.233333333333333
"252",0.0700389105058366,0.0253164556962025,0,0.219512195121951,0,0.233333333333333
"253",0.0700389105058366,0.0253164556962025,0,0.219512195121951,0,0.233333333333333
"254",0.0700389105058366,0.0253164556962025,0,0.219512195121951,0,0.233333333333333
"255",0.0700389105058366,0.0253164556962025,0,0.219512195121951,0,0.233333333333333
"256",0.0700389105058366,0.0253164556962025,0,0.219512195121951,0,0.233333333333333
"257",0.066147859922179,0.0253164556962025,0,0.195121951219512,0,0.233333333333333
"258",0.066147859922179,0.0253164556962025,0,0.195121951219512,0,0.233333333333333
"259",0.066147859922179,0.0253164556962025,0,0.195121951219512,0,0.233333333333333
"260",0.066147859922179,0.0253164556962025,0,0.195121951219512,0,0.233333333333333
"261",0.066147859922179,0.0253164556962025,0,0.195121951219512,0,0.233333333333333
"262",0.066147859922179,0.0253164556962025,0,0.195121951219512,0,0.233333333333333
"263",0.066147859922179,0.0253164556962025,0,0.195121951219512,0,0.233333333333333
"264",0.066147859922179,0.0253164556962025,0,0.195121951219512,0,0.233333333333333
"265",0.066147859922179,0.0253164556962025,0,0.195121951219512,0,0.233333333333333
"266",0.066147859922179,0.0253164556962025,0,0.195121951219512,0,0.233333333333333
"267",0.066147859922179,0.0253164556962025,0,0.195121951219512,0,0.233333333333333
"268",0.066147859922179,0.0253164556962025,0,0.195121951219512,0,0.233333333333333
"269",0.066147859922179,0.0253164556962025,0,0.195121951219512,0,0.233333333333333
"270",0.066147859922179,0.0253164556962025,0,0.195121951219512,0,0.233333333333333
"271",0.066147859922179,0.0253164556962025,0,0.195121951219512,0,0.233333333333333
"272",0.066147859922179,0.0253164556962025,0,0.195121951219512,0,0.233333333333333
"273",0.066147859922179,0.0253164556962025,0,0.195121951219512,0,0.233333333333333
"274",0.066147859922179,0.0253164556962025,0,0.195121951219512,0,0.233333333333333
"275",0.066147859922179,0.0253164556962025,0,0.195121951219512,0,0.233333333333333
"276",0.066147859922179,0.0253164556962025,0,0.195121951219512,0,0.233333333333333
"277",0.066147859922179,0.0253164556962025,0,0.195121951219512,0,0.233333333333333
"278",0.066147859922179,0.0253164556962025,0,0.195121951219512,0,0.233333333333333
"279",0.066147859922179,0.0253164556962025,0,0.195121951219512,0,0.233333333333333
"280",0.066147859922179,0.0253164556962025,0,0.195121951219512,0,0.233333333333333
"281",0.066147859922179,0.0253164556962025,0,0.195121951219512,0,0.233333333333333
"282",0.066147859922179,0.0253164556962025,0,0.195121951219512,0,0.233333333333333
"283",0.066147859922179,0.0253164556962025,0,0.195121951219512,0,0.233333333333333
"284",0.066147859922179,0.0253164556962025,0,0.195121951219512,0,0.233333333333333
"285",0.066147859922179,0.0253164556962025,0,0.195121951219512,0,0.233333333333333
"286",0.066147859922179,0.0253164556962025,0,0.195121951219512,0,0.233333333333333
"287",0.066147859922179,0.0253164556962025,0,0.195121951219512,0,0.233333333333333
"288",0.066147859922179,0.0253164556962025,0,0.195121951219512,0,0.233333333333333
"289",0.066147859922179,0.0253164556962025,0,0.195121951219512,0,0.233333333333333
"290",0.066147859922179,0.0253164556962025,0,0.195121951219512,0,0.233333333333333
"291",0.066147859922179,0.0253164556962025,0,0.195121951219512,0,0.233333333333333
"292",0.066147859922179,0.0253164556962025,0,0.195121951219512,0,0.233333333333333
"293",0.066147859922179,0.0253164556962025,0,0.195121951219512,0,0.233333333333333
"294",0.066147859922179,0.0253164556962025,0,0.195121951219512,0,0.233333333333333
"295",0.066147859922179,0.0253164556962025,0,0.195121951219512,0,0.233333333333333
"296",0.066147859922179,0.0253164556962025,0,0.195121951219512,0,0.233333333333333
"297",0.066147859922179,0.0253164556962025,0,0.195121951219512,0,0.233333333333333
"298",0.066147859922179,0.0253164556962025,0,0.195121951219512,0,0.233333333333333
"299",0.066147859922179,0.0253164556962025,0,0.195121951219512,0,0.233333333333333
"300",0.066147859922179,0.0253164556962025,0,0.195121951219512,0,0.233333333333333
"301",0.066147859922179,0.0253164556962025,0,0.195121951219512,0,0.233333333333333
"302",0.066147859922179,0.0253164556962025,0,0.195121951219512,0,0.233333333333333
"303",0.066147859922179,0.0253164556962025,0,0.195121951219512,0,0.233333333333333
"304",0.066147859922179,0.0253164556962025,0,0.195121951219512,0,0.233333333333333
"305",0.066147859922179,0.0253164556962025,0,0.195121951219512,0,0.233333333333333
"306",0.066147859922179,0.0253164556962025,0,0.195121951219512,0,0.233333333333333
"307",0.0622568093385214,0.0253164556962025,0,0.195121951219512,0,0.2
"308",0.066147859922179,0.0253164556962025,0,0.195121951219512,0,0.233333333333333
"309",0.066147859922179,0.0253164556962025,0,0.195121951219512,0,0.233333333333333
"310",0.066147859922179,0.0253164556962025,0,0.195121951219512,0,0.233333333333333
"311",0.066147859922179,0.0253164556962025,0,0.195121951219512,0,0.233333333333333
"312",0.066147859922179,0.0253164556962025,0,0.195121951219512,0,0.233333333333333
"313",0.066147859922179,0.0253164556962025,0,0.195121951219512,0,0.233333333333333
"314",0.066147859922179,0.0253164556962025,0,0.195121951219512,0,0.233333333333333
"315",0.0700389105058366,0.0253164556962025,0,0.219512195121951,0,0.233333333333333
"316",0.066147859922179,0.0253164556962025,0,0.195121951219512,0,0.233333333333333
"317",0.0700389105058366,0.0253164556962025,0,0.219512195121951,0,0.233333333333333
"318",0.0700389105058366,0.0253164556962025,0,0.219512195121951,0,0.233333333333333
"319",0.0700389105058366,0.0253164556962025,0,0.219512195121951,0,0.233333333333333
"320",0.0700389105058366,0.0253164556962025,0,0.219512195121951,0,0.233333333333333
"321",0.0700389105058366,0.0253164556962025,0,0.219512195121951,0,0.233333333333333
"322",0.0700389105058366,0.0253164556962025,0,0.219512195121951,0,0.233333333333333
"323",0.0700389105058366,0.0253164556962025,0,0.219512195121951,0,0.233333333333333
"324",0.0700389105058366,0.0253164556962025,0,0.219512195121951,0,0.233333333333333
"325",0.0700389105058366,0.0253164556962025,0,0.219512195121951,0,0.233333333333333
"326",0.0700389105058366,0.0253164556962025,0,0.219512195121951,0,0.233333333333333
"327",0.0700389105058366,0.0253164556962025,0,0.219512195121951,0,0.233333333333333
"328",0.0700389105058366,0.0253164556962025,0,0.219512195121951,0,0.233333333333333
"329",0.0700389105058366,0.0253164556962025,0,0.219512195121951,0,0.233333333333333
"330",0.0700389105058366,0.0253164556962025,0,0.219512195121951,0,0.233333333333333
"331",0.0700389105058366,0.0253164556962025,0,0.219512195121951,0,0.233333333333333
"332",0.0700389105058366,0.0253164556962025,0,0.219512195121951,0,0.233333333333333
"333",0.0700389105058366,0.0253164556962025,0,0.219512195121951,0,0.233333333333333
"334",0.0700389105058366,0.0253164556962025,0,0.219512195121951,0,0.233333333333333
"335",0.0700389105058366,0.0253164556962025,0,0.219512195121951,0,0.233333333333333
"336",0.0700389105058366,0.0253164556962025,0,0.219512195121951,0,0.233333333333333
"337",0.0700389105058366,0.0253164556962025,0,0.219512195121951,0,0.233333333333333
"338",0.0700389105058366,0.0253164556962025,0,0.219512195121951,0,0.233333333333333
"339",0.0700389105058366,0.0253164556962025,0,0.219512195121951,0,0.233333333333333
"340",0.0700389105058366,0.0253164556962025,0,0.219512195121951,0,0.233333333333333
"341",0.0700389105058366,0.0253164556962025,0,0.219512195121951,0,0.233333333333333
"342",0.0700389105058366,0.0253164556962025,0,0.219512195121951,0,0.233333333333333
"343",0.0700389105058366,0.0253164556962025,0,0.219512195121951,0,0.233333333333333
"344",0.0700389105058366,0.0253164556962025,0,0.219512195121951,0,0.233333333333333
"345",0.0700389105058366,0.0253164556962025,0,0.219512195121951,0,0.233333333333333
"346",0.0700389105058366,0.0253164556962025,0,0.219512195121951,0,0.233333333333333
"347",0.0700389105058366,0.0253164556962025,0,0.219512195121951,0,0.233333333333333
"348",0.0700389105058366,0.0253164556962025,0,0.219512195121951,0,0.233333333333333
"349",0.0700389105058366,0.0253164556962025,0,0.219512195121951,0,0.233333333333333
"350",0.0700389105058366,0.0253164556962025,0,0.219512195121951,0,0.233333333333333
"351",0.0700389105058366,0.0253164556962025,0,0.219512195121951,0,0.233333333333333
"352",0.0700389105058366,0.0253164556962025,0,0.219512195121951,0,0.233333333333333
"353",0.0700389105058366,0.0253164556962025,0,0.219512195121951,0,0.233333333333333
"354",0.0700389105058366,0.0253164556962025,0,0.219512195121951,0,0.233333333333333
"355",0.0700389105058366,0.0253164556962025,0,0.219512195121951,0,0.233333333333333
"356",0.0700389105058366,0.0253164556962025,0,0.219512195121951,0,0.233333333333333
"357",0.0700389105058366,0.0253164556962025,0,0.219512195121951,0,0.233333333333333
"358",0.0700389105058366,0.0253164556962025,0,0.219512195121951,0,0.233333333333333
"359",0.0700389105058366,0.0253164556962025,0,0.219512195121951,0,0.233333333333333
"360",0.0700389105058366,0.0253164556962025,0,0.219512195121951,0,0.233333333333333
"361",0.0700389105058366,0.0253164556962025,0,0.219512195121951,0,0.233333333333333
"362",0.0700389105058366,0.0253164556962025,0,0.219512195121951,0,0.233333333333333
"363",0.0700389105058366,0.0253164556962025,0,0.219512195121951,0,0.233333333333333
"364",0.0700389105058366,0.0253164556962025,0,0.219512195121951,0,0.233333333333333
"365",0.0700389105058366,0.0253164556962025,0,0.219512195121951,0,0.233333333333333
"366",0.0700389105058366,0.0253164556962025,0,0.219512195121951,0,0.233333333333333
"367",0.0700389105058366,0.0253164556962025,0,0.219512195121951,0,0.233333333333333
"368",0.0700389105058366,0.0253164556962025,0,0.219512195121951,0,0.233333333333333
"369",0.0700389105058366,0.0253164556962025,0,0.219512195121951,0,0.233333333333333
"370",0.0700389105058366,0.0253164556962025,0,0.219512195121951,0,0.233333333333333
"371",0.0700389105058366,0.0253164556962025,0,0.219512195121951,0,0.233333333333333
"372",0.0700389105058366,0.0253164556962025,0,0.219512195121951,0,0.233333333333333
"373",0.0700389105058366,0.0253164556962025,0,0.219512195121951,0,0.233333333333333
"374",0.0700389105058366,0.0253164556962025,0,0.219512195121951,0,0.233333333333333
"375",0.0700389105058366,0.0253164556962025,0,0.219512195121951,0,0.233333333333333
"376",0.0700389105058366,0.0253164556962025,0,0.219512195121951,0,0.233333333333333
"377",0.0700389105058366,0.0253164556962025,0,0.219512195121951,0,0.233333333333333
"378",0.0700389105058366,0.0253164556962025,0,0.219512195121951,0,0.233333333333333
"379",0.0700389105058366,0.0253164556962025,0,0.219512195121951,0,0.233333333333333
"380",0.0700389105058366,0.0253164556962025,0,0.219512195121951,0,0.233333333333333
"381",0.0700389105058366,0.0253164556962025,0,0.219512195121951,0,0.233333333333333
"382",0.0700389105058366,0.0253164556962025,0,0.219512195121951,0,0.233333333333333
"383",0.0700389105058366,0.0253164556962025,0,0.219512195121951,0,0.233333333333333
"384",0.0700389105058366,0.0253164556962025,0,0.219512195121951,0,0.233333333333333
"385",0.0700389105058366,0.0253164556962025,0,0.219512195121951,0,0.233333333333333
"386",0.0700389105058366,0.0253164556962025,0,0.219512195121951,0,0.233333333333333
"387",0.0700389105058366,0.0253164556962025,0,0.219512195121951,0,0.233333333333333
"388",0.0700389105058366,0.0253164556962025,0,0.219512195121951,0,0.233333333333333
"389",0.0700389105058366,0.0253164556962025,0,0.219512195121951,0,0.233333333333333
"390",0.0700389105058366,0.0253164556962025,0,0.219512195121951,0,0.233333333333333
"391",0.0700389105058366,0.0253164556962025,0,0.219512195121951,0,0.233333333333333
"392",0.0700389105058366,0.0253164556962025,0,0.219512195121951,0,0.233333333333333
"393",0.0700389105058366,0.0253164556962025,0,0.219512195121951,0,0.233333333333333
"394",0.0700389105058366,0.0253164556962025,0,0.219512195121951,0,0.233333333333333
"395",0.0700389105058366,0.0253164556962025,0,0.219512195121951,0,0.233333333333333
"396",0.0700389105058366,0.0253164556962025,0,0.219512195121951,0,0.233333333333333
"397",0.0700389105058366,0.0253164556962025,0,0.219512195121951,0,0.233333333333333
"398",0.0700389105058366,0.0253164556962025,0,0.219512195121951,0,0.233333333333333
"399",0.0700389105058366,0.0253164556962025,0,0.219512195121951,0,0.233333333333333
"400",0.0700389105058366,0.0253164556962025,0,0.219512195121951,0,0.233333333333333
"401",0.0700389105058366,0.0253164556962025,0,0.219512195121951,0,0.233333333333333
"402",0.0700389105058366,0.0253164556962025,0,0.219512195121951,0,0.233333333333333
"403",0.0700389105058366,0.0253164556962025,0,0.219512195121951,0,0.233333333333333
"404",0.0700389105058366,0.0253164556962025,0,0.219512195121951,0,0.233333333333333
"405",0.0700389105058366,0.0253164556962025,0,0.219512195121951,0,0.233333333333333
"406",0.0700389105058366,0.0253164556962025,0,0.219512195121951,0,0.233333333333333
"407",0.0700389105058366,0.0253164556962025,0,0.219512195121951,0,0.233333333333333
"408",0.0700389105058366,0.0253164556962025,0,0.219512195121951,0,0.233333333333333
"409",0.0700389105058366,0.0253164556962025,0,0.219512195121951,0,0.233333333333333
"410",0.0700389105058366,0.0253164556962025,0,0.219512195121951,0,0.233333333333333
"411",0.0700389105058366,0.0253164556962025,0,0.219512195121951,0,0.233333333333333
"412",0.0700389105058366,0.0253164556962025,0,0.219512195121951,0,0.233333333333333
"413",0.0700389105058366,0.0253164556962025,0,0.219512195121951,0,0.233333333333333
"414",0.0700389105058366,0.0253164556962025,0,0.219512195121951,0,0.233333333333333
"415",0.0700389105058366,0.0253164556962025,0,0.219512195121951,0,0.233333333333333
"416",0.0700389105058366,0.0253164556962025,0,0.219512195121951,0,0.233333333333333
"417",0.0700389105058366,0.0253164556962025,0,0.219512195121951,0,0.233333333333333
"418",0.0700389105058366,0.0253164556962025,0,0.219512195121951,0,0.233333333333333
"419",0.0700389105058366,0.0253164556962025,0,0.219512195121951,0,0.233333333333333
"420",0.0700389105058366,0.0253164556962025,0,0.219512195121951,0,0.233333333333333
"421",0.0700389105058366,0.0253164556962025,0,0.219512195121951,0,0.233333333333333
"422",0.0700389105058366,0.0253164556962025,0,0.219512195121951,0,0.233333333333333
"423",0.0700389105058366,0.0253164556962025,0,0.219512195121951,0,0.233333333333333
"424",0.0700389105058366,0.0253164556962025,0,0.219512195121951,0,0.233333333333333
"425",0.0700389105058366,0.0253164556962025,0,0.219512195121951,0,0.233333333333333
"426",0.0700389105058366,0.0253164556962025,0,0.219512195121951,0,0.233333333333333
"427",0.0700389105058366,0.0253164556962025,0,0.219512195121951,0,0.233333333333333
"428",0.0700389105058366,0.0253164556962025,0,0.219512195121951,0,0.233333333333333
"429",0.0700389105058366,0.0253164556962025,0,0.219512195121951,0,0.233333333333333
"430",0.0700389105058366,0.0253164556962025,0,0.219512195121951,0,0.233333333333333
"431",0.0700389105058366,0.0253164556962025,0,0.219512195121951,0,0.233333333333333
"432",0.0700389105058366,0.0253164556962025,0,0.219512195121951,0,0.233333333333333
"433",0.0700389105058366,0.0253164556962025,0,0.219512195121951,0,0.233333333333333
"434",0.0700389105058366,0.0253164556962025,0,0.219512195121951,0,0.233333333333333
"435",0.0700389105058366,0.0253164556962025,0,0.219512195121951,0,0.233333333333333
"436",0.0700389105058366,0.0253164556962025,0,0.219512195121951,0,0.233333333333333
"437",0.0700389105058366,0.0253164556962025,0,0.219512195121951,0,0.233333333333333
"438",0.0700389105058366,0.0253164556962025,0,0.219512195121951,0,0.233333333333333
"439",0.0700389105058366,0.0253164556962025,0,0.219512195121951,0,0.233333333333333
"440",0.0700389105058366,0.0253164556962025,0,0.219512195121951,0,0.233333333333333
"441",0.0700389105058366,0.0253164556962025,0,0.219512195121951,0,0.233333333333333
"442",0.0700389105058366,0.0253164556962025,0,0.219512195121951,0,0.233333333333333
"443",0.0700389105058366,0.0253164556962025,0,0.219512195121951,0,0.233333333333333
"444",0.0700389105058366,0.0253164556962025,0,0.219512195121951,0,0.233333333333333
"445",0.0700389105058366,0.0253164556962025,0,0.219512195121951,0,0.233333333333333
"446",0.0700389105058366,0.0253164556962025,0,0.219512195121951,0,0.233333333333333
"447",0.0700389105058366,0.0253164556962025,0,0.219512195121951,0,0.233333333333333
"448",0.0700389105058366,0.0253164556962025,0,0.219512195121951,0,0.233333333333333
"449",0.0700389105058366,0.0253164556962025,0,0.219512195121951,0,0.233333333333333
"450",0.0700389105058366,0.0253164556962025,0,0.219512195121951,0,0.233333333333333
"451",0.0700389105058366,0.0253164556962025,0,0.219512195121951,0,0.233333333333333
"452",0.0700389105058366,0.0253164556962025,0,0.219512195121951,0,0.233333333333333
"453",0.0700389105058366,0.0253164556962025,0,0.219512195121951,0,0.233333333333333
"454",0.0700389105058366,0.0253164556962025,0,0.219512195121951,0,0.233333333333333
"455",0.0700389105058366,0.0253164556962025,0,0.219512195121951,0,0.233333333333333
"456",0.0700389105058366,0.0253164556962025,0,0.219512195121951,0,0.233333333333333
"457",0.0700389105058366,0.0253164556962025,0,0.219512195121951,0,0.233333333333333
"458",0.0700389105058366,0.0253164556962025,0,0.219512195121951,0,0.233333333333333
"459",0.0700389105058366,0.0253164556962025,0,0.219512195121951,0,0.233333333333333
"460",0.0700389105058366,0.0253164556962025,0,0.219512195121951,0,0.233333333333333
"461",0.0700389105058366,0.0253164556962025,0,0.219512195121951,0,0.233333333333333
"462",0.066147859922179,0.0253164556962025,0,0.219512195121951,0,0.2
"463",0.0700389105058366,0.0253164556962025,0,0.219512195121951,0,0.233333333333333
"464",0.066147859922179,0.0253164556962025,0,0.219512195121951,0,0.2
"465",0.0700389105058366,0.0253164556962025,0,0.219512195121951,0,0.233333333333333
"466",0.066147859922179,0.0253164556962025,0,0.219512195121951,0,0.2
"467",0.066147859922179,0.0253164556962025,0,0.219512195121951,0,0.2
"468",0.066147859922179,0.0253164556962025,0,0.219512195121951,0,0.2
"469",0.066147859922179,0.0253164556962025,0,0.219512195121951,0,0.2
"470",0.066147859922179,0.0253164556962025,0,0.219512195121951,0,0.2
"471",0.066147859922179,0.0253164556962025,0,0.219512195121951,0,0.2
"472",0.066147859922179,0.0253164556962025,0,0.219512195121951,0,0.2
"473",0.066147859922179,0.0253164556962025,0,0.219512195121951,0,0.2
"474",0.066147859922179,0.0253164556962025,0,0.219512195121951,0,0.2
"475",0.066147859922179,0.0253164556962025,0,0.219512195121951,0,0.2
"476",0.066147859922179,0.0253164556962025,0,0.219512195121951,0,0.2
"477",0.066147859922179,0.0253164556962025,0,0.219512195121951,0,0.2
"478",0.066147859922179,0.0253164556962025,0,0.219512195121951,0,0.2
"479",0.066147859922179,0.0253164556962025,0,0.219512195121951,0,0.2
"480",0.066147859922179,0.0253164556962025,0,0.219512195121951,0,0.2
"481",0.066147859922179,0.0253164556962025,0,0.219512195121951,0,0.2
"482",0.066147859922179,0.0253164556962025,0,0.219512195121951,0,0.2
"483",0.066147859922179,0.0253164556962025,0,0.219512195121951,0,0.2
"484",0.066147859922179,0.0253164556962025,0,0.219512195121951,0,0.2
"485",0.066147859922179,0.0253164556962025,0,0.219512195121951,0,0.2
"486",0.066147859922179,0.0253164556962025,0,0.219512195121951,0,0.2
"487",0.066147859922179,0.0253164556962025,0,0.219512195121951,0,0.2
"488",0.066147859922179,0.0253164556962025,0,0.219512195121951,0,0.2
"489",0.066147859922179,0.0253164556962025,0,0.219512195121951,0,0.2
"490",0.066147859922179,0.0253164556962025,0,0.219512195121951,0,0.2
"491",0.066147859922179,0.0253164556962025,0,0.219512195121951,0,0.2
"492",0.066147859922179,0.0253164556962025,0,0.219512195121951,0,0.2
"493",0.066147859922179,0.0253164556962025,0,0.219512195121951,0,0.2
"494",0.066147859922179,0.0253164556962025,0,0.219512195121951,0,0.2
"495",0.066147859922179,0.0253164556962025,0,0.219512195121951,0,0.2
"496",0.066147859922179,0.0253164556962025,0,0.219512195121951,0,0.2
"497",0.066147859922179,0.0253164556962025,0,0.219512195121951,0,0.2
"498",0.066147859922179,0.0253164556962025,0,0.219512195121951,0,0.2
"499",0.066147859922179,0.0253164556962025,0,0.219512195121951,0,0.2
"500",0.066147859922179,0.0253164556962025,0,0.219512195121951,0,0.2
