"","OOB","1","2","3","4","5"
"1",0.0967741935483871,0,0.0169491525423729,0.0545454545454545,0.0526315789473684,0.448275862068966
"2",0.0993377483443709,0.0512820512820513,0.0222222222222222,0.0888888888888889,0.105263157894737,0.311111111111111
"3",0.0940860215053763,0.0652173913043478,0.0170940170940171,0.100917431192661,0.0909090909090909,0.267857142857143
"4",0.0786240786240786,0.0769230769230769,0.00769230769230769,0.0695652173913043,0.0851063829787234,0.238095238095238
"5",0.0688073394495413,0.087719298245614,0.00740740740740741,0.0650406504065041,0.0588235294117647,0.185714285714286
"6",0.0739910313901345,0.0847457627118644,0.0072463768115942,0.062992125984252,0.0961538461538462,0.2
"7",0.0703296703296703,0.112903225806452,0.0142857142857143,0.0465116279069767,0.0769230769230769,0.180555555555556
"8",0.0715835140997831,0.0793650793650794,0.0141843971631206,0.0606060606060606,0.0943396226415094,0.180555555555556
"9",0.0622317596566524,0.0793650793650794,0.00699300699300699,0.0451127819548872,0.0943396226415094,0.162162162162162
"10",0.0615711252653928,0.107692307692308,0.00684931506849315,0.037593984962406,0.0943396226415094,0.148648648648649
"11",0.0572033898305085,0.138461538461538,0.00680272108843537,0.0300751879699248,0.0566037735849057,0.135135135135135
"12",0.0549682875264271,0.121212121212121,0.00680272108843537,0.0300751879699248,0.0754716981132075,0.121621621621622
"13",0.0569620253164557,0.134328358208955,0.00680272108843537,0.037593984962406,0.0566037735849057,0.121621621621622
"14",0.0484210526315789,0.104477611940299,0.00675675675675676,0.0300751879699248,0.0377358490566038,0.121621621621622
"15",0.0504201680672269,0.104477611940299,0.00675675675675676,0.037593984962406,0.0566037735849057,0.106666666666667
"16",0.0483193277310924,0.119402985074627,0.00675675675675676,0.0300751879699248,0.0377358490566038,0.106666666666667
"17",0.0525210084033613,0.119402985074627,0.00675675675675676,0.037593984962406,0.0377358490566038,0.12
"18",0.0482180293501048,0.102941176470588,0,0.037593984962406,0.0377358490566038,0.12
"19",0.0481171548117155,0.102941176470588,0,0.037593984962406,0.0377358490566038,0.12
"20",0.0502092050209205,0.102941176470588,0.00671140939597315,0.037593984962406,0.0377358490566038,0.12
"21",0.0502092050209205,0.102941176470588,0,0.0451127819548872,0.0377358490566038,0.12
"22",0.0481171548117155,0.102941176470588,0.00671140939597315,0.037593984962406,0.0188679245283019,0.12
"23",0.0481171548117155,0.117647058823529,0,0.037593984962406,0.0188679245283019,0.12
"24",0.0460251046025105,0.102941176470588,0,0.037593984962406,0.0188679245283019,0.12
"25",0.0481171548117155,0.102941176470588,0.00671140939597315,0.037593984962406,0.0188679245283019,0.12
"26",0.0460251046025105,0.102941176470588,0,0.037593984962406,0.0188679245283019,0.12
"27",0.0460251046025105,0.102941176470588,0,0.037593984962406,0.0188679245283019,0.12
"28",0.0460251046025105,0.102941176470588,0,0.037593984962406,0.0188679245283019,0.12
"29",0.0460251046025105,0.102941176470588,0,0.037593984962406,0.0188679245283019,0.12
"30",0.0481171548117155,0.102941176470588,0.00671140939597315,0.037593984962406,0.0188679245283019,0.12
"31",0.0460251046025105,0.102941176470588,0,0.037593984962406,0.0188679245283019,0.12
"32",0.0502092050209205,0.117647058823529,0.00671140939597315,0.037593984962406,0.0188679245283019,0.12
"33",0.0502092050209205,0.117647058823529,0.00671140939597315,0.037593984962406,0.0188679245283019,0.12
"34",0.0502092050209205,0.117647058823529,0.00671140939597315,0.037593984962406,0.0188679245283019,0.12
"35",0.0502092050209205,0.117647058823529,0.00671140939597315,0.037593984962406,0.0188679245283019,0.12
"36",0.0502092050209205,0.117647058823529,0.00671140939597315,0.037593984962406,0.0188679245283019,0.12
"37",0.0460251046025105,0.102941176470588,0,0.037593984962406,0.0188679245283019,0.12
"38",0.0418410041841004,0.0882352941176471,0,0.0300751879699248,0.0188679245283019,0.12
"39",0.0418410041841004,0.0882352941176471,0,0.0300751879699248,0.0188679245283019,0.12
"40",0.0439330543933054,0.102941176470588,0,0.0300751879699248,0.0188679245283019,0.12
"41",0.0439330543933054,0.102941176470588,0,0.0300751879699248,0.0188679245283019,0.12
"42",0.0439330543933054,0.102941176470588,0,0.0300751879699248,0.0188679245283019,0.12
"43",0.0439330543933054,0.102941176470588,0,0.0300751879699248,0.0188679245283019,0.12
"44",0.0439330543933054,0.102941176470588,0,0.0300751879699248,0.0188679245283019,0.12
"45",0.0418410041841004,0.0882352941176471,0,0.0300751879699248,0.0188679245283019,0.12
"46",0.0439330543933054,0.102941176470588,0,0.0300751879699248,0.0188679245283019,0.12
"47",0.0439330543933054,0.102941176470588,0,0.0300751879699248,0.0188679245283019,0.12
"48",0.0439330543933054,0.102941176470588,0,0.0300751879699248,0.0188679245283019,0.12
"49",0.0460251046025105,0.102941176470588,0,0.037593984962406,0.0188679245283019,0.12
"50",0.0460251046025105,0.102941176470588,0,0.037593984962406,0.0188679245283019,0.12
"51",0.0439330543933054,0.102941176470588,0,0.037593984962406,0.0188679245283019,0.106666666666667
"52",0.0439330543933054,0.102941176470588,0,0.037593984962406,0.0188679245283019,0.106666666666667
"53",0.0460251046025105,0.102941176470588,0,0.037593984962406,0.0188679245283019,0.12
"54",0.0460251046025105,0.102941176470588,0,0.037593984962406,0.0188679245283019,0.12
"55",0.0460251046025105,0.102941176470588,0,0.037593984962406,0.0188679245283019,0.12
"56",0.0460251046025105,0.102941176470588,0,0.037593984962406,0.0188679245283019,0.12
"57",0.0460251046025105,0.102941176470588,0,0.037593984962406,0.0188679245283019,0.12
"58",0.0460251046025105,0.102941176470588,0,0.037593984962406,0.0188679245283019,0.12
"59",0.0460251046025105,0.102941176470588,0,0.037593984962406,0.0188679245283019,0.12
"60",0.0460251046025105,0.102941176470588,0,0.037593984962406,0.0188679245283019,0.12
"61",0.0460251046025105,0.102941176470588,0,0.037593984962406,0.0188679245283019,0.12
"62",0.0460251046025105,0.102941176470588,0,0.037593984962406,0.0188679245283019,0.12
"63",0.0460251046025105,0.102941176470588,0,0.037593984962406,0.0188679245283019,0.12
"64",0.0460251046025105,0.102941176470588,0,0.037593984962406,0.0188679245283019,0.12
"65",0.0460251046025105,0.102941176470588,0,0.037593984962406,0.0188679245283019,0.12
"66",0.0460251046025105,0.102941176470588,0,0.037593984962406,0.0188679245283019,0.12
"67",0.0460251046025105,0.102941176470588,0,0.037593984962406,0.0188679245283019,0.12
"68",0.0460251046025105,0.102941176470588,0,0.037593984962406,0.0188679245283019,0.12
"69",0.0460251046025105,0.102941176470588,0,0.037593984962406,0.0188679245283019,0.12
"70",0.0439330543933054,0.102941176470588,0,0.0300751879699248,0.0188679245283019,0.12
"71",0.0460251046025105,0.102941176470588,0,0.037593984962406,0.0188679245283019,0.12
"72",0.0439330543933054,0.102941176470588,0,0.0300751879699248,0.0188679245283019,0.12
"73",0.0439330543933054,0.102941176470588,0,0.0300751879699248,0.0188679245283019,0.12
"74",0.0439330543933054,0.102941176470588,0,0.0300751879699248,0.0188679245283019,0.12
"75",0.0439330543933054,0.102941176470588,0,0.0300751879699248,0.0188679245283019,0.12
"76",0.0439330543933054,0.102941176470588,0,0.0300751879699248,0.0188679245283019,0.12
"77",0.0439330543933054,0.102941176470588,0,0.0300751879699248,0.0188679245283019,0.12
"78",0.0460251046025105,0.102941176470588,0,0.037593984962406,0.0188679245283019,0.12
"79",0.0460251046025105,0.102941176470588,0,0.037593984962406,0.0188679245283019,0.12
"80",0.0460251046025105,0.102941176470588,0,0.037593984962406,0.0188679245283019,0.12
"81",0.0460251046025105,0.102941176470588,0,0.037593984962406,0.0188679245283019,0.12
"82",0.0460251046025105,0.102941176470588,0,0.037593984962406,0.0188679245283019,0.12
"83",0.0460251046025105,0.102941176470588,0,0.037593984962406,0.0188679245283019,0.12
"84",0.0460251046025105,0.102941176470588,0,0.037593984962406,0.0188679245283019,0.12
"85",0.0460251046025105,0.102941176470588,0,0.037593984962406,0.0188679245283019,0.12
"86",0.0460251046025105,0.102941176470588,0,0.037593984962406,0.0188679245283019,0.12
"87",0.0481171548117155,0.102941176470588,0.00671140939597315,0.037593984962406,0.0188679245283019,0.12
"88",0.0439330543933054,0.102941176470588,0,0.0300751879699248,0.0188679245283019,0.12
"89",0.0439330543933054,0.102941176470588,0,0.0300751879699248,0.0188679245283019,0.12
"90",0.0481171548117155,0.102941176470588,0.00671140939597315,0.037593984962406,0.0188679245283019,0.12
"91",0.0460251046025105,0.102941176470588,0,0.037593984962406,0.0188679245283019,0.12
"92",0.0439330543933054,0.102941176470588,0,0.0300751879699248,0.0188679245283019,0.12
"93",0.0460251046025105,0.102941176470588,0,0.037593984962406,0.0188679245283019,0.12
"94",0.0439330543933054,0.102941176470588,0,0.0300751879699248,0.0188679245283019,0.12
"95",0.0439330543933054,0.102941176470588,0,0.0300751879699248,0.0188679245283019,0.12
"96",0.0481171548117155,0.102941176470588,0,0.0451127819548872,0.0188679245283019,0.12
"97",0.0460251046025105,0.102941176470588,0,0.037593984962406,0.0188679245283019,0.12
"98",0.0481171548117155,0.102941176470588,0,0.0451127819548872,0.0188679245283019,0.12
"99",0.0439330543933054,0.102941176470588,0,0.0300751879699248,0.0188679245283019,0.12
"100",0.0460251046025105,0.102941176470588,0,0.037593984962406,0.0188679245283019,0.12
"101",0.0460251046025105,0.102941176470588,0,0.037593984962406,0.0188679245283019,0.12
"102",0.0439330543933054,0.102941176470588,0,0.0300751879699248,0.0188679245283019,0.12
"103",0.0439330543933054,0.102941176470588,0,0.0300751879699248,0.0188679245283019,0.12
"104",0.0439330543933054,0.102941176470588,0,0.0300751879699248,0.0188679245283019,0.12
"105",0.0439330543933054,0.102941176470588,0,0.0300751879699248,0.0188679245283019,0.12
"106",0.0439330543933054,0.102941176470588,0,0.0300751879699248,0.0188679245283019,0.12
"107",0.0439330543933054,0.102941176470588,0,0.0300751879699248,0.0188679245283019,0.12
"108",0.0439330543933054,0.102941176470588,0,0.0300751879699248,0.0188679245283019,0.12
"109",0.0439330543933054,0.102941176470588,0,0.0300751879699248,0.0188679245283019,0.12
"110",0.0439330543933054,0.102941176470588,0,0.0300751879699248,0.0188679245283019,0.12
"111",0.0439330543933054,0.102941176470588,0,0.0300751879699248,0.0188679245283019,0.12
"112",0.0439330543933054,0.102941176470588,0,0.0300751879699248,0.0188679245283019,0.12
"113",0.0439330543933054,0.102941176470588,0,0.0300751879699248,0.0188679245283019,0.12
"114",0.0439330543933054,0.102941176470588,0,0.0300751879699248,0.0188679245283019,0.12
"115",0.0439330543933054,0.102941176470588,0,0.0300751879699248,0.0188679245283019,0.12
"116",0.0439330543933054,0.102941176470588,0,0.0300751879699248,0.0188679245283019,0.12
"117",0.0439330543933054,0.102941176470588,0,0.0300751879699248,0.0188679245283019,0.12
"118",0.0439330543933054,0.102941176470588,0,0.0300751879699248,0.0188679245283019,0.12
"119",0.0439330543933054,0.102941176470588,0,0.0300751879699248,0.0188679245283019,0.12
"120",0.0439330543933054,0.102941176470588,0,0.0300751879699248,0.0188679245283019,0.12
"121",0.0439330543933054,0.102941176470588,0,0.0300751879699248,0.0188679245283019,0.12
"122",0.0439330543933054,0.102941176470588,0,0.0300751879699248,0.0188679245283019,0.12
"123",0.0439330543933054,0.102941176470588,0,0.0300751879699248,0.0188679245283019,0.12
"124",0.0439330543933054,0.102941176470588,0,0.0300751879699248,0.0188679245283019,0.12
"125",0.0439330543933054,0.102941176470588,0,0.0300751879699248,0.0188679245283019,0.12
"126",0.0439330543933054,0.102941176470588,0,0.0300751879699248,0.0188679245283019,0.12
"127",0.0439330543933054,0.102941176470588,0,0.0300751879699248,0.0188679245283019,0.12
"128",0.0439330543933054,0.102941176470588,0,0.0300751879699248,0.0188679245283019,0.12
"129",0.0439330543933054,0.102941176470588,0,0.0300751879699248,0.0188679245283019,0.12
"130",0.0439330543933054,0.102941176470588,0,0.0300751879699248,0.0188679245283019,0.12
"131",0.0439330543933054,0.102941176470588,0,0.0300751879699248,0.0188679245283019,0.12
"132",0.0439330543933054,0.102941176470588,0,0.0300751879699248,0.0188679245283019,0.12
"133",0.0439330543933054,0.102941176470588,0,0.0300751879699248,0.0188679245283019,0.12
"134",0.0439330543933054,0.102941176470588,0,0.0300751879699248,0.0188679245283019,0.12
"135",0.0439330543933054,0.102941176470588,0,0.0300751879699248,0.0188679245283019,0.12
"136",0.0439330543933054,0.102941176470588,0,0.0300751879699248,0.0188679245283019,0.12
"137",0.0439330543933054,0.102941176470588,0,0.0300751879699248,0.0188679245283019,0.12
"138",0.0439330543933054,0.102941176470588,0,0.0300751879699248,0.0188679245283019,0.12
"139",0.0439330543933054,0.102941176470588,0,0.0300751879699248,0.0188679245283019,0.12
"140",0.0439330543933054,0.102941176470588,0,0.0300751879699248,0.0188679245283019,0.12
"141",0.0439330543933054,0.102941176470588,0,0.0300751879699248,0.0188679245283019,0.12
"142",0.0439330543933054,0.102941176470588,0,0.0300751879699248,0.0188679245283019,0.12
"143",0.0439330543933054,0.102941176470588,0,0.0300751879699248,0.0188679245283019,0.12
"144",0.0439330543933054,0.102941176470588,0,0.0300751879699248,0.0188679245283019,0.12
"145",0.0439330543933054,0.102941176470588,0,0.0300751879699248,0.0188679245283019,0.12
"146",0.0439330543933054,0.102941176470588,0,0.0300751879699248,0.0188679245283019,0.12
"147",0.0439330543933054,0.102941176470588,0,0.0300751879699248,0.0188679245283019,0.12
"148",0.0439330543933054,0.102941176470588,0,0.0300751879699248,0.0188679245283019,0.12
"149",0.0439330543933054,0.102941176470588,0,0.0300751879699248,0.0188679245283019,0.12
"150",0.0439330543933054,0.102941176470588,0,0.0300751879699248,0.0188679245283019,0.12
"151",0.0439330543933054,0.102941176470588,0,0.0300751879699248,0.0188679245283019,0.12
"152",0.0439330543933054,0.102941176470588,0,0.0300751879699248,0.0188679245283019,0.12
"153",0.0439330543933054,0.102941176470588,0,0.0300751879699248,0.0188679245283019,0.12
"154",0.0439330543933054,0.102941176470588,0,0.0300751879699248,0.0188679245283019,0.12
"155",0.0439330543933054,0.102941176470588,0,0.0300751879699248,0.0188679245283019,0.12
"156",0.0439330543933054,0.102941176470588,0,0.0300751879699248,0.0188679245283019,0.12
"157",0.0439330543933054,0.102941176470588,0,0.0300751879699248,0.0188679245283019,0.12
"158",0.0439330543933054,0.102941176470588,0,0.0300751879699248,0.0188679245283019,0.12
"159",0.0439330543933054,0.102941176470588,0,0.0300751879699248,0.0188679245283019,0.12
"160",0.0439330543933054,0.102941176470588,0,0.0300751879699248,0.0188679245283019,0.12
"161",0.0439330543933054,0.102941176470588,0,0.0300751879699248,0.0188679245283019,0.12
"162",0.0439330543933054,0.102941176470588,0,0.0300751879699248,0.0188679245283019,0.12
"163",0.0460251046025105,0.102941176470588,0,0.037593984962406,0.0188679245283019,0.12
"164",0.0460251046025105,0.102941176470588,0,0.037593984962406,0.0188679245283019,0.12
"165",0.0460251046025105,0.102941176470588,0,0.037593984962406,0.0188679245283019,0.12
"166",0.0460251046025105,0.102941176470588,0,0.037593984962406,0.0188679245283019,0.12
"167",0.0460251046025105,0.102941176470588,0,0.037593984962406,0.0188679245283019,0.12
"168",0.0460251046025105,0.102941176470588,0,0.037593984962406,0.0188679245283019,0.12
"169",0.0460251046025105,0.102941176470588,0,0.037593984962406,0.0188679245283019,0.12
"170",0.0460251046025105,0.102941176470588,0,0.037593984962406,0.0188679245283019,0.12
"171",0.0460251046025105,0.102941176470588,0,0.037593984962406,0.0188679245283019,0.12
"172",0.0460251046025105,0.102941176470588,0,0.037593984962406,0.0188679245283019,0.12
"173",0.0460251046025105,0.102941176470588,0,0.037593984962406,0.0188679245283019,0.12
"174",0.0460251046025105,0.102941176470588,0,0.037593984962406,0.0188679245283019,0.12
"175",0.0460251046025105,0.102941176470588,0,0.037593984962406,0.0188679245283019,0.12
"176",0.0460251046025105,0.102941176470588,0,0.037593984962406,0.0188679245283019,0.12
"177",0.0460251046025105,0.102941176470588,0,0.037593984962406,0.0188679245283019,0.12
"178",0.0460251046025105,0.102941176470588,0,0.037593984962406,0.0188679245283019,0.12
"179",0.0460251046025105,0.102941176470588,0,0.037593984962406,0.0188679245283019,0.12
"180",0.0460251046025105,0.102941176470588,0,0.037593984962406,0.0188679245283019,0.12
"181",0.0460251046025105,0.102941176470588,0,0.037593984962406,0.0188679245283019,0.12
"182",0.0460251046025105,0.102941176470588,0,0.037593984962406,0.0188679245283019,0.12
"183",0.0460251046025105,0.102941176470588,0,0.037593984962406,0.0188679245283019,0.12
"184",0.0460251046025105,0.102941176470588,0,0.037593984962406,0.0188679245283019,0.12
"185",0.0460251046025105,0.102941176470588,0,0.037593984962406,0.0188679245283019,0.12
"186",0.0460251046025105,0.102941176470588,0,0.037593984962406,0.0188679245283019,0.12
"187",0.0460251046025105,0.102941176470588,0,0.037593984962406,0.0188679245283019,0.12
"188",0.0460251046025105,0.102941176470588,0,0.037593984962406,0.0188679245283019,0.12
"189",0.0460251046025105,0.102941176470588,0,0.037593984962406,0.0188679245283019,0.12
"190",0.0460251046025105,0.102941176470588,0,0.037593984962406,0.0188679245283019,0.12
"191",0.0460251046025105,0.102941176470588,0,0.037593984962406,0.0188679245283019,0.12
"192",0.0460251046025105,0.102941176470588,0,0.037593984962406,0.0188679245283019,0.12
"193",0.0460251046025105,0.102941176470588,0,0.037593984962406,0.0188679245283019,0.12
"194",0.0460251046025105,0.102941176470588,0,0.037593984962406,0.0188679245283019,0.12
"195",0.0460251046025105,0.102941176470588,0,0.037593984962406,0.0188679245283019,0.12
"196",0.0460251046025105,0.102941176470588,0,0.037593984962406,0.0188679245283019,0.12
"197",0.0460251046025105,0.102941176470588,0,0.037593984962406,0.0188679245283019,0.12
"198",0.0460251046025105,0.102941176470588,0,0.037593984962406,0.0188679245283019,0.12
"199",0.0460251046025105,0.102941176470588,0,0.037593984962406,0.0188679245283019,0.12
"200",0.0460251046025105,0.102941176470588,0,0.037593984962406,0.0188679245283019,0.12
"201",0.0460251046025105,0.102941176470588,0,0.037593984962406,0.0188679245283019,0.12
"202",0.0460251046025105,0.102941176470588,0,0.037593984962406,0.0188679245283019,0.12
"203",0.0460251046025105,0.102941176470588,0,0.037593984962406,0.0188679245283019,0.12
"204",0.0460251046025105,0.102941176470588,0,0.037593984962406,0.0188679245283019,0.12
"205",0.0460251046025105,0.102941176470588,0,0.037593984962406,0.0188679245283019,0.12
"206",0.0460251046025105,0.102941176470588,0,0.037593984962406,0.0188679245283019,0.12
"207",0.0460251046025105,0.102941176470588,0,0.037593984962406,0.0188679245283019,0.12
"208",0.0460251046025105,0.102941176470588,0,0.037593984962406,0.0188679245283019,0.12
"209",0.0460251046025105,0.102941176470588,0,0.037593984962406,0.0188679245283019,0.12
"210",0.0460251046025105,0.102941176470588,0,0.037593984962406,0.0188679245283019,0.12
"211",0.0460251046025105,0.102941176470588,0,0.037593984962406,0.0188679245283019,0.12
"212",0.0460251046025105,0.102941176470588,0,0.037593984962406,0.0188679245283019,0.12
"213",0.0460251046025105,0.102941176470588,0,0.037593984962406,0.0188679245283019,0.12
"214",0.0460251046025105,0.102941176470588,0,0.037593984962406,0.0188679245283019,0.12
"215",0.0460251046025105,0.102941176470588,0,0.037593984962406,0.0188679245283019,0.12
"216",0.0460251046025105,0.102941176470588,0,0.037593984962406,0.0188679245283019,0.12
"217",0.0460251046025105,0.102941176470588,0,0.037593984962406,0.0188679245283019,0.12
"218",0.0460251046025105,0.102941176470588,0,0.037593984962406,0.0188679245283019,0.12
"219",0.0460251046025105,0.102941176470588,0,0.037593984962406,0.0188679245283019,0.12
"220",0.0460251046025105,0.102941176470588,0,0.037593984962406,0.0188679245283019,0.12
"221",0.0460251046025105,0.102941176470588,0,0.037593984962406,0.0188679245283019,0.12
"222",0.0460251046025105,0.102941176470588,0,0.037593984962406,0.0188679245283019,0.12
"223",0.0460251046025105,0.102941176470588,0,0.037593984962406,0.0188679245283019,0.12
"224",0.0460251046025105,0.102941176470588,0,0.037593984962406,0.0188679245283019,0.12
"225",0.0460251046025105,0.102941176470588,0,0.037593984962406,0.0188679245283019,0.12
"226",0.0460251046025105,0.102941176470588,0,0.037593984962406,0.0188679245283019,0.12
"227",0.0460251046025105,0.102941176470588,0,0.037593984962406,0.0188679245283019,0.12
"228",0.0460251046025105,0.102941176470588,0,0.037593984962406,0.0188679245283019,0.12
"229",0.0460251046025105,0.102941176470588,0,0.037593984962406,0.0188679245283019,0.12
"230",0.0460251046025105,0.102941176470588,0,0.037593984962406,0.0188679245283019,0.12
"231",0.0460251046025105,0.102941176470588,0,0.037593984962406,0.0188679245283019,0.12
"232",0.0460251046025105,0.102941176470588,0,0.037593984962406,0.0188679245283019,0.12
"233",0.0460251046025105,0.102941176470588,0,0.037593984962406,0.0188679245283019,0.12
"234",0.0460251046025105,0.102941176470588,0,0.037593984962406,0.0188679245283019,0.12
"235",0.0460251046025105,0.102941176470588,0,0.037593984962406,0.0188679245283019,0.12
"236",0.0460251046025105,0.102941176470588,0,0.037593984962406,0.0188679245283019,0.12
"237",0.0460251046025105,0.102941176470588,0,0.037593984962406,0.0188679245283019,0.12
"238",0.0460251046025105,0.102941176470588,0,0.037593984962406,0.0188679245283019,0.12
"239",0.0460251046025105,0.102941176470588,0,0.037593984962406,0.0188679245283019,0.12
"240",0.0460251046025105,0.102941176470588,0,0.037593984962406,0.0188679245283019,0.12
"241",0.0460251046025105,0.102941176470588,0,0.037593984962406,0.0188679245283019,0.12
"242",0.0460251046025105,0.102941176470588,0,0.037593984962406,0.0188679245283019,0.12
"243",0.0460251046025105,0.102941176470588,0,0.037593984962406,0.0188679245283019,0.12
"244",0.0460251046025105,0.102941176470588,0,0.037593984962406,0.0188679245283019,0.12
"245",0.0460251046025105,0.102941176470588,0,0.037593984962406,0.0188679245283019,0.12
"246",0.0460251046025105,0.102941176470588,0,0.037593984962406,0.0188679245283019,0.12
"247",0.0460251046025105,0.102941176470588,0,0.037593984962406,0.0188679245283019,0.12
"248",0.0460251046025105,0.102941176470588,0,0.037593984962406,0.0188679245283019,0.12
"249",0.0460251046025105,0.102941176470588,0,0.037593984962406,0.0188679245283019,0.12
"250",0.0460251046025105,0.102941176470588,0,0.037593984962406,0.0188679245283019,0.12
"251",0.0460251046025105,0.102941176470588,0,0.037593984962406,0.0188679245283019,0.12
"252",0.0460251046025105,0.102941176470588,0,0.037593984962406,0.0188679245283019,0.12
"253",0.0460251046025105,0.102941176470588,0,0.037593984962406,0.0188679245283019,0.12
"254",0.0460251046025105,0.102941176470588,0,0.037593984962406,0.0188679245283019,0.12
"255",0.0460251046025105,0.102941176470588,0,0.037593984962406,0.0188679245283019,0.12
"256",0.0460251046025105,0.102941176470588,0,0.037593984962406,0.0188679245283019,0.12
"257",0.0460251046025105,0.102941176470588,0,0.037593984962406,0.0188679245283019,0.12
"258",0.0460251046025105,0.102941176470588,0,0.037593984962406,0.0188679245283019,0.12
"259",0.0460251046025105,0.102941176470588,0,0.037593984962406,0.0188679245283019,0.12
"260",0.0460251046025105,0.102941176470588,0,0.037593984962406,0.0188679245283019,0.12
"261",0.0460251046025105,0.102941176470588,0,0.037593984962406,0.0188679245283019,0.12
"262",0.0460251046025105,0.102941176470588,0,0.037593984962406,0.0188679245283019,0.12
"263",0.0460251046025105,0.102941176470588,0,0.037593984962406,0.0188679245283019,0.12
"264",0.0460251046025105,0.102941176470588,0,0.037593984962406,0.0188679245283019,0.12
"265",0.0460251046025105,0.102941176470588,0,0.037593984962406,0.0188679245283019,0.12
"266",0.0460251046025105,0.102941176470588,0,0.037593984962406,0.0188679245283019,0.12
"267",0.0460251046025105,0.102941176470588,0,0.037593984962406,0.0188679245283019,0.12
"268",0.0460251046025105,0.102941176470588,0,0.037593984962406,0.0188679245283019,0.12
"269",0.0460251046025105,0.102941176470588,0,0.037593984962406,0.0188679245283019,0.12
"270",0.0460251046025105,0.102941176470588,0,0.037593984962406,0.0188679245283019,0.12
"271",0.0460251046025105,0.102941176470588,0,0.037593984962406,0.0188679245283019,0.12
"272",0.0460251046025105,0.102941176470588,0,0.037593984962406,0.0188679245283019,0.12
"273",0.0460251046025105,0.102941176470588,0,0.037593984962406,0.0188679245283019,0.12
"274",0.0460251046025105,0.102941176470588,0,0.037593984962406,0.0188679245283019,0.12
"275",0.0460251046025105,0.102941176470588,0,0.037593984962406,0.0188679245283019,0.12
"276",0.0460251046025105,0.102941176470588,0,0.037593984962406,0.0188679245283019,0.12
"277",0.0460251046025105,0.102941176470588,0,0.037593984962406,0.0188679245283019,0.12
"278",0.0481171548117155,0.102941176470588,0,0.0451127819548872,0.0188679245283019,0.12
"279",0.0460251046025105,0.102941176470588,0,0.037593984962406,0.0188679245283019,0.12
"280",0.0460251046025105,0.102941176470588,0,0.037593984962406,0.0188679245283019,0.12
"281",0.0460251046025105,0.102941176470588,0,0.037593984962406,0.0188679245283019,0.12
"282",0.0460251046025105,0.102941176470588,0,0.037593984962406,0.0188679245283019,0.12
"283",0.0460251046025105,0.102941176470588,0,0.037593984962406,0.0188679245283019,0.12
"284",0.0460251046025105,0.102941176470588,0,0.037593984962406,0.0188679245283019,0.12
"285",0.0460251046025105,0.102941176470588,0,0.037593984962406,0.0188679245283019,0.12
"286",0.0460251046025105,0.102941176470588,0,0.037593984962406,0.0188679245283019,0.12
"287",0.0460251046025105,0.102941176470588,0,0.037593984962406,0.0188679245283019,0.12
"288",0.0460251046025105,0.102941176470588,0,0.037593984962406,0.0188679245283019,0.12
"289",0.0460251046025105,0.102941176470588,0,0.037593984962406,0.0188679245283019,0.12
"290",0.0460251046025105,0.102941176470588,0,0.037593984962406,0.0188679245283019,0.12
"291",0.0460251046025105,0.102941176470588,0,0.037593984962406,0.0188679245283019,0.12
"292",0.0460251046025105,0.102941176470588,0,0.037593984962406,0.0188679245283019,0.12
"293",0.0460251046025105,0.102941176470588,0,0.037593984962406,0.0188679245283019,0.12
"294",0.0460251046025105,0.102941176470588,0,0.037593984962406,0.0188679245283019,0.12
"295",0.0460251046025105,0.102941176470588,0,0.037593984962406,0.0188679245283019,0.12
"296",0.0460251046025105,0.102941176470588,0,0.037593984962406,0.0188679245283019,0.12
"297",0.0460251046025105,0.102941176470588,0,0.037593984962406,0.0188679245283019,0.12
"298",0.0460251046025105,0.102941176470588,0,0.037593984962406,0.0188679245283019,0.12
"299",0.0460251046025105,0.102941176470588,0,0.037593984962406,0.0188679245283019,0.12
"300",0.0460251046025105,0.102941176470588,0,0.037593984962406,0.0188679245283019,0.12
"301",0.0460251046025105,0.102941176470588,0,0.037593984962406,0.0188679245283019,0.12
"302",0.0460251046025105,0.102941176470588,0,0.037593984962406,0.0188679245283019,0.12
"303",0.0460251046025105,0.102941176470588,0,0.037593984962406,0.0188679245283019,0.12
"304",0.0460251046025105,0.102941176470588,0,0.037593984962406,0.0188679245283019,0.12
"305",0.0460251046025105,0.102941176470588,0,0.037593984962406,0.0188679245283019,0.12
"306",0.0460251046025105,0.102941176470588,0,0.037593984962406,0.0188679245283019,0.12
"307",0.0460251046025105,0.102941176470588,0,0.037593984962406,0.0188679245283019,0.12
"308",0.0460251046025105,0.102941176470588,0,0.037593984962406,0.0188679245283019,0.12
"309",0.0460251046025105,0.102941176470588,0,0.037593984962406,0.0188679245283019,0.12
"310",0.0460251046025105,0.102941176470588,0,0.037593984962406,0.0188679245283019,0.12
"311",0.0460251046025105,0.102941176470588,0,0.037593984962406,0.0188679245283019,0.12
"312",0.0481171548117155,0.102941176470588,0,0.0451127819548872,0.0188679245283019,0.12
"313",0.0481171548117155,0.102941176470588,0,0.0451127819548872,0.0188679245283019,0.12
"314",0.0481171548117155,0.102941176470588,0,0.0451127819548872,0.0188679245283019,0.12
"315",0.0460251046025105,0.102941176470588,0,0.037593984962406,0.0188679245283019,0.12
"316",0.0460251046025105,0.102941176470588,0,0.037593984962406,0.0188679245283019,0.12
"317",0.0481171548117155,0.102941176470588,0,0.0451127819548872,0.0188679245283019,0.12
"318",0.0481171548117155,0.102941176470588,0,0.0451127819548872,0.0188679245283019,0.12
"319",0.0481171548117155,0.102941176470588,0,0.0451127819548872,0.0188679245283019,0.12
"320",0.0481171548117155,0.102941176470588,0,0.0451127819548872,0.0188679245283019,0.12
"321",0.0481171548117155,0.102941176470588,0,0.0451127819548872,0.0188679245283019,0.12
"322",0.0481171548117155,0.102941176470588,0,0.0451127819548872,0.0188679245283019,0.12
"323",0.0481171548117155,0.102941176470588,0,0.0451127819548872,0.0188679245283019,0.12
"324",0.0481171548117155,0.102941176470588,0,0.0451127819548872,0.0188679245283019,0.12
"325",0.0481171548117155,0.102941176470588,0,0.0451127819548872,0.0188679245283019,0.12
"326",0.0460251046025105,0.102941176470588,0,0.037593984962406,0.0188679245283019,0.12
"327",0.0481171548117155,0.102941176470588,0,0.0451127819548872,0.0188679245283019,0.12
"328",0.0481171548117155,0.102941176470588,0,0.0451127819548872,0.0188679245283019,0.12
"329",0.0481171548117155,0.102941176470588,0,0.0451127819548872,0.0188679245283019,0.12
"330",0.0460251046025105,0.102941176470588,0,0.037593984962406,0.0188679245283019,0.12
"331",0.0460251046025105,0.102941176470588,0,0.037593984962406,0.0188679245283019,0.12
"332",0.0481171548117155,0.102941176470588,0,0.0451127819548872,0.0188679245283019,0.12
"333",0.0460251046025105,0.102941176470588,0,0.037593984962406,0.0188679245283019,0.12
"334",0.0460251046025105,0.102941176470588,0,0.037593984962406,0.0188679245283019,0.12
"335",0.0460251046025105,0.102941176470588,0,0.037593984962406,0.0188679245283019,0.12
"336",0.0460251046025105,0.102941176470588,0,0.037593984962406,0.0188679245283019,0.12
"337",0.0460251046025105,0.102941176470588,0,0.037593984962406,0.0188679245283019,0.12
"338",0.0460251046025105,0.102941176470588,0,0.037593984962406,0.0188679245283019,0.12
"339",0.0460251046025105,0.102941176470588,0,0.037593984962406,0.0188679245283019,0.12
"340",0.0460251046025105,0.102941176470588,0,0.037593984962406,0.0188679245283019,0.12
"341",0.0460251046025105,0.102941176470588,0,0.037593984962406,0.0188679245283019,0.12
"342",0.0460251046025105,0.102941176470588,0,0.037593984962406,0.0188679245283019,0.12
"343",0.0460251046025105,0.102941176470588,0,0.037593984962406,0.0188679245283019,0.12
"344",0.0460251046025105,0.102941176470588,0,0.037593984962406,0.0188679245283019,0.12
"345",0.0460251046025105,0.102941176470588,0,0.037593984962406,0.0188679245283019,0.12
"346",0.0460251046025105,0.102941176470588,0,0.037593984962406,0.0188679245283019,0.12
"347",0.0460251046025105,0.102941176470588,0,0.037593984962406,0.0188679245283019,0.12
"348",0.0460251046025105,0.102941176470588,0,0.037593984962406,0.0188679245283019,0.12
"349",0.0460251046025105,0.102941176470588,0,0.037593984962406,0.0188679245283019,0.12
"350",0.0460251046025105,0.102941176470588,0,0.037593984962406,0.0188679245283019,0.12
"351",0.0460251046025105,0.102941176470588,0,0.037593984962406,0.0188679245283019,0.12
"352",0.0460251046025105,0.102941176470588,0,0.037593984962406,0.0188679245283019,0.12
"353",0.0460251046025105,0.102941176470588,0,0.037593984962406,0.0188679245283019,0.12
"354",0.0460251046025105,0.102941176470588,0,0.037593984962406,0.0188679245283019,0.12
"355",0.0460251046025105,0.102941176470588,0,0.037593984962406,0.0188679245283019,0.12
"356",0.0460251046025105,0.102941176470588,0,0.037593984962406,0.0188679245283019,0.12
"357",0.0460251046025105,0.102941176470588,0,0.037593984962406,0.0188679245283019,0.12
"358",0.0460251046025105,0.102941176470588,0,0.037593984962406,0.0188679245283019,0.12
"359",0.0460251046025105,0.102941176470588,0,0.037593984962406,0.0188679245283019,0.12
"360",0.0460251046025105,0.102941176470588,0,0.037593984962406,0.0188679245283019,0.12
"361",0.0460251046025105,0.102941176470588,0,0.037593984962406,0.0188679245283019,0.12
"362",0.0460251046025105,0.102941176470588,0,0.037593984962406,0.0188679245283019,0.12
"363",0.0460251046025105,0.102941176470588,0,0.037593984962406,0.0188679245283019,0.12
"364",0.0460251046025105,0.102941176470588,0,0.037593984962406,0.0188679245283019,0.12
"365",0.0460251046025105,0.102941176470588,0,0.037593984962406,0.0188679245283019,0.12
"366",0.0460251046025105,0.102941176470588,0,0.037593984962406,0.0188679245283019,0.12
"367",0.0460251046025105,0.102941176470588,0,0.037593984962406,0.0188679245283019,0.12
"368",0.0460251046025105,0.102941176470588,0,0.037593984962406,0.0188679245283019,0.12
"369",0.0460251046025105,0.102941176470588,0,0.037593984962406,0.0188679245283019,0.12
"370",0.0460251046025105,0.102941176470588,0,0.037593984962406,0.0188679245283019,0.12
"371",0.0460251046025105,0.102941176470588,0,0.037593984962406,0.0188679245283019,0.12
"372",0.0460251046025105,0.102941176470588,0,0.037593984962406,0.0188679245283019,0.12
"373",0.0460251046025105,0.102941176470588,0,0.037593984962406,0.0188679245283019,0.12
"374",0.0460251046025105,0.102941176470588,0,0.037593984962406,0.0188679245283019,0.12
"375",0.0460251046025105,0.102941176470588,0,0.037593984962406,0.0188679245283019,0.12
"376",0.0460251046025105,0.102941176470588,0,0.037593984962406,0.0188679245283019,0.12
"377",0.0460251046025105,0.102941176470588,0,0.037593984962406,0.0188679245283019,0.12
"378",0.0460251046025105,0.102941176470588,0,0.037593984962406,0.0188679245283019,0.12
"379",0.0460251046025105,0.102941176470588,0,0.037593984962406,0.0188679245283019,0.12
"380",0.0460251046025105,0.102941176470588,0,0.037593984962406,0.0188679245283019,0.12
"381",0.0460251046025105,0.102941176470588,0,0.037593984962406,0.0188679245283019,0.12
"382",0.0460251046025105,0.102941176470588,0,0.037593984962406,0.0188679245283019,0.12
"383",0.0460251046025105,0.102941176470588,0,0.037593984962406,0.0188679245283019,0.12
"384",0.0460251046025105,0.102941176470588,0,0.037593984962406,0.0188679245283019,0.12
"385",0.0460251046025105,0.102941176470588,0,0.037593984962406,0.0188679245283019,0.12
"386",0.0460251046025105,0.102941176470588,0,0.037593984962406,0.0188679245283019,0.12
"387",0.0460251046025105,0.102941176470588,0,0.037593984962406,0.0188679245283019,0.12
"388",0.0460251046025105,0.102941176470588,0,0.037593984962406,0.0188679245283019,0.12
"389",0.0460251046025105,0.102941176470588,0,0.037593984962406,0.0188679245283019,0.12
"390",0.0460251046025105,0.102941176470588,0,0.037593984962406,0.0188679245283019,0.12
"391",0.0460251046025105,0.102941176470588,0,0.037593984962406,0.0188679245283019,0.12
"392",0.0460251046025105,0.102941176470588,0,0.037593984962406,0.0188679245283019,0.12
"393",0.0460251046025105,0.102941176470588,0,0.037593984962406,0.0188679245283019,0.12
"394",0.0460251046025105,0.102941176470588,0,0.037593984962406,0.0188679245283019,0.12
"395",0.0460251046025105,0.102941176470588,0,0.037593984962406,0.0188679245283019,0.12
"396",0.0460251046025105,0.102941176470588,0,0.037593984962406,0.0188679245283019,0.12
"397",0.0460251046025105,0.102941176470588,0,0.037593984962406,0.0188679245283019,0.12
"398",0.0460251046025105,0.102941176470588,0,0.037593984962406,0.0188679245283019,0.12
"399",0.0460251046025105,0.102941176470588,0,0.037593984962406,0.0188679245283019,0.12
"400",0.0460251046025105,0.102941176470588,0,0.037593984962406,0.0188679245283019,0.12
"401",0.0460251046025105,0.102941176470588,0,0.037593984962406,0.0188679245283019,0.12
"402",0.0460251046025105,0.102941176470588,0,0.037593984962406,0.0188679245283019,0.12
"403",0.0460251046025105,0.102941176470588,0,0.037593984962406,0.0188679245283019,0.12
"404",0.0460251046025105,0.102941176470588,0,0.037593984962406,0.0188679245283019,0.12
"405",0.0460251046025105,0.102941176470588,0,0.037593984962406,0.0188679245283019,0.12
"406",0.0460251046025105,0.102941176470588,0,0.037593984962406,0.0188679245283019,0.12
"407",0.0460251046025105,0.102941176470588,0,0.037593984962406,0.0188679245283019,0.12
"408",0.0460251046025105,0.102941176470588,0,0.037593984962406,0.0188679245283019,0.12
"409",0.0460251046025105,0.102941176470588,0,0.037593984962406,0.0188679245283019,0.12
"410",0.0460251046025105,0.102941176470588,0,0.037593984962406,0.0188679245283019,0.12
"411",0.0460251046025105,0.102941176470588,0,0.037593984962406,0.0188679245283019,0.12
"412",0.0460251046025105,0.102941176470588,0,0.037593984962406,0.0188679245283019,0.12
"413",0.0460251046025105,0.102941176470588,0,0.037593984962406,0.0188679245283019,0.12
"414",0.0460251046025105,0.102941176470588,0,0.037593984962406,0.0188679245283019,0.12
"415",0.0460251046025105,0.102941176470588,0,0.037593984962406,0.0188679245283019,0.12
"416",0.0460251046025105,0.102941176470588,0,0.037593984962406,0.0188679245283019,0.12
"417",0.0460251046025105,0.102941176470588,0,0.037593984962406,0.0188679245283019,0.12
"418",0.0460251046025105,0.102941176470588,0,0.037593984962406,0.0188679245283019,0.12
"419",0.0460251046025105,0.102941176470588,0,0.037593984962406,0.0188679245283019,0.12
"420",0.0460251046025105,0.102941176470588,0,0.037593984962406,0.0188679245283019,0.12
"421",0.0460251046025105,0.102941176470588,0,0.037593984962406,0.0188679245283019,0.12
"422",0.0460251046025105,0.102941176470588,0,0.037593984962406,0.0188679245283019,0.12
"423",0.0460251046025105,0.102941176470588,0,0.037593984962406,0.0188679245283019,0.12
"424",0.0460251046025105,0.102941176470588,0,0.037593984962406,0.0188679245283019,0.12
"425",0.0460251046025105,0.102941176470588,0,0.037593984962406,0.0188679245283019,0.12
"426",0.0460251046025105,0.102941176470588,0,0.037593984962406,0.0188679245283019,0.12
"427",0.0460251046025105,0.102941176470588,0,0.037593984962406,0.0188679245283019,0.12
"428",0.0460251046025105,0.102941176470588,0,0.037593984962406,0.0188679245283019,0.12
"429",0.0460251046025105,0.102941176470588,0,0.037593984962406,0.0188679245283019,0.12
"430",0.0460251046025105,0.102941176470588,0,0.037593984962406,0.0188679245283019,0.12
"431",0.0460251046025105,0.102941176470588,0,0.037593984962406,0.0188679245283019,0.12
"432",0.0460251046025105,0.102941176470588,0,0.037593984962406,0.0188679245283019,0.12
"433",0.0460251046025105,0.102941176470588,0,0.037593984962406,0.0188679245283019,0.12
"434",0.0460251046025105,0.102941176470588,0,0.037593984962406,0.0188679245283019,0.12
"435",0.0460251046025105,0.102941176470588,0,0.037593984962406,0.0188679245283019,0.12
"436",0.0460251046025105,0.102941176470588,0,0.037593984962406,0.0188679245283019,0.12
"437",0.0460251046025105,0.102941176470588,0,0.037593984962406,0.0188679245283019,0.12
"438",0.0460251046025105,0.102941176470588,0,0.037593984962406,0.0188679245283019,0.12
"439",0.0460251046025105,0.102941176470588,0,0.037593984962406,0.0188679245283019,0.12
"440",0.0460251046025105,0.102941176470588,0,0.037593984962406,0.0188679245283019,0.12
"441",0.0460251046025105,0.102941176470588,0,0.037593984962406,0.0188679245283019,0.12
"442",0.0460251046025105,0.102941176470588,0,0.037593984962406,0.0188679245283019,0.12
"443",0.0460251046025105,0.102941176470588,0,0.037593984962406,0.0188679245283019,0.12
"444",0.0460251046025105,0.102941176470588,0,0.037593984962406,0.0188679245283019,0.12
"445",0.0460251046025105,0.102941176470588,0,0.037593984962406,0.0188679245283019,0.12
"446",0.0460251046025105,0.102941176470588,0,0.037593984962406,0.0188679245283019,0.12
"447",0.0460251046025105,0.102941176470588,0,0.037593984962406,0.0188679245283019,0.12
"448",0.0460251046025105,0.102941176470588,0,0.037593984962406,0.0188679245283019,0.12
"449",0.0460251046025105,0.102941176470588,0,0.037593984962406,0.0188679245283019,0.12
"450",0.0460251046025105,0.102941176470588,0,0.037593984962406,0.0188679245283019,0.12
"451",0.0460251046025105,0.102941176470588,0,0.037593984962406,0.0188679245283019,0.12
"452",0.0460251046025105,0.102941176470588,0,0.037593984962406,0.0188679245283019,0.12
"453",0.0460251046025105,0.102941176470588,0,0.037593984962406,0.0188679245283019,0.12
"454",0.0460251046025105,0.102941176470588,0,0.037593984962406,0.0188679245283019,0.12
"455",0.0460251046025105,0.102941176470588,0,0.037593984962406,0.0188679245283019,0.12
"456",0.0460251046025105,0.102941176470588,0,0.037593984962406,0.0188679245283019,0.12
"457",0.0460251046025105,0.102941176470588,0,0.037593984962406,0.0188679245283019,0.12
"458",0.0460251046025105,0.102941176470588,0,0.037593984962406,0.0188679245283019,0.12
"459",0.0460251046025105,0.102941176470588,0,0.037593984962406,0.0188679245283019,0.12
"460",0.0460251046025105,0.102941176470588,0,0.037593984962406,0.0188679245283019,0.12
"461",0.0460251046025105,0.102941176470588,0,0.037593984962406,0.0188679245283019,0.12
"462",0.0460251046025105,0.102941176470588,0,0.037593984962406,0.0188679245283019,0.12
"463",0.0460251046025105,0.102941176470588,0,0.037593984962406,0.0188679245283019,0.12
"464",0.0460251046025105,0.102941176470588,0,0.037593984962406,0.0188679245283019,0.12
"465",0.0460251046025105,0.102941176470588,0,0.037593984962406,0.0188679245283019,0.12
"466",0.0460251046025105,0.102941176470588,0,0.037593984962406,0.0188679245283019,0.12
"467",0.0460251046025105,0.102941176470588,0,0.037593984962406,0.0188679245283019,0.12
"468",0.0460251046025105,0.102941176470588,0,0.037593984962406,0.0188679245283019,0.12
"469",0.0460251046025105,0.102941176470588,0,0.037593984962406,0.0188679245283019,0.12
"470",0.0460251046025105,0.102941176470588,0,0.037593984962406,0.0188679245283019,0.12
"471",0.0460251046025105,0.102941176470588,0,0.037593984962406,0.0188679245283019,0.12
"472",0.0460251046025105,0.102941176470588,0,0.037593984962406,0.0188679245283019,0.12
"473",0.0460251046025105,0.102941176470588,0,0.037593984962406,0.0188679245283019,0.12
"474",0.0460251046025105,0.102941176470588,0,0.037593984962406,0.0188679245283019,0.12
"475",0.0460251046025105,0.102941176470588,0,0.037593984962406,0.0188679245283019,0.12
"476",0.0460251046025105,0.102941176470588,0,0.037593984962406,0.0188679245283019,0.12
"477",0.0460251046025105,0.102941176470588,0,0.037593984962406,0.0188679245283019,0.12
"478",0.0460251046025105,0.102941176470588,0,0.037593984962406,0.0188679245283019,0.12
"479",0.0460251046025105,0.102941176470588,0,0.037593984962406,0.0188679245283019,0.12
"480",0.0460251046025105,0.102941176470588,0,0.037593984962406,0.0188679245283019,0.12
"481",0.0460251046025105,0.102941176470588,0,0.037593984962406,0.0188679245283019,0.12
"482",0.0460251046025105,0.102941176470588,0,0.037593984962406,0.0188679245283019,0.12
"483",0.0460251046025105,0.102941176470588,0,0.037593984962406,0.0188679245283019,0.12
"484",0.0460251046025105,0.102941176470588,0,0.037593984962406,0.0188679245283019,0.12
"485",0.0460251046025105,0.102941176470588,0,0.037593984962406,0.0188679245283019,0.12
"486",0.0460251046025105,0.102941176470588,0,0.037593984962406,0.0188679245283019,0.12
"487",0.0460251046025105,0.102941176470588,0,0.037593984962406,0.0188679245283019,0.12
"488",0.0460251046025105,0.102941176470588,0,0.037593984962406,0.0188679245283019,0.12
"489",0.0460251046025105,0.102941176470588,0,0.037593984962406,0.0188679245283019,0.12
"490",0.0460251046025105,0.102941176470588,0,0.037593984962406,0.0188679245283019,0.12
"491",0.0460251046025105,0.102941176470588,0,0.037593984962406,0.0188679245283019,0.12
"492",0.0460251046025105,0.102941176470588,0,0.037593984962406,0.0188679245283019,0.12
"493",0.0460251046025105,0.102941176470588,0,0.037593984962406,0.0188679245283019,0.12
"494",0.0460251046025105,0.102941176470588,0,0.037593984962406,0.0188679245283019,0.12
"495",0.0460251046025105,0.102941176470588,0,0.037593984962406,0.0188679245283019,0.12
"496",0.0460251046025105,0.102941176470588,0,0.037593984962406,0.0188679245283019,0.12
"497",0.0460251046025105,0.102941176470588,0,0.037593984962406,0.0188679245283019,0.12
"498",0.0460251046025105,0.102941176470588,0,0.037593984962406,0.0188679245283019,0.12
"499",0.0460251046025105,0.102941176470588,0,0.037593984962406,0.0188679245283019,0.12
"500",0.0460251046025105,0.102941176470588,0,0.037593984962406,0.0188679245283019,0.12
