"","OOB","1","2","3","4","5"
"1",0.00719424460431655,0,0,0.037037037037037,0,0
"2",0.0393013100436681,0.0909090909090909,0,0.0444444444444444,0.0540540540540541,0.0444444444444444
"3",0.039426523297491,0.1,0,0.0208333333333333,0.0425531914893617,0.0689655172413793
"4",0.028391167192429,0.0909090909090909,0,0.0172413793103448,0.0392156862745098,0.0303030303030303
"5",0.0116279069767442,0.0434782608695652,0,0,0,0.0273972602739726
"6",0.0194444444444444,0.0416666666666667,0,0.0135135135135135,0.0185185185185185,0.038961038961039
"7",0.0301369863013699,0.102040816326531,0,0.025974025974026,0.0185185185185185,0.038961038961039
"8",0.0188172043010753,0.06,0,0.012987012987013,0.0178571428571429,0.0253164556962025
"9",0.0134048257372654,0.04,0,0.012987012987013,0,0.0253164556962025
"10",0.0185185185185185,0.0588235294117647,0,0.025,0,0.0253164556962025
"11",0.0158730158730159,0.0588235294117647,0,0.0125,0,0.0253164556962025
"12",0.0185185185185185,0.0392156862745098,0,0.025,0.0178571428571429,0.0253164556962025
"13",0.0158730158730159,0.0392156862745098,0,0.0125,0.0178571428571429,0.0253164556962025
"14",0.0105820105820106,0.0196078431372549,0,0.0125,0,0.0253164556962025
"15",0.0105820105820106,0.0196078431372549,0,0.0125,0,0.0253164556962025
"16",0.00793650793650794,0,0,0.0125,0,0.0253164556962025
"17",0.0105820105820106,0.0196078431372549,0,0.0125,0,0.0253164556962025
"18",0.00793650793650794,0,0,0.0125,0,0.0253164556962025
"19",0.00793650793650794,0,0,0.0125,0,0.0253164556962025
"20",0.0105820105820106,0.0196078431372549,0,0.0125,0,0.0253164556962025
"21",0.00793650793650794,0,0,0.0125,0,0.0253164556962025
"22",0.0105820105820106,0.0196078431372549,0,0.0125,0,0.0253164556962025
"23",0.0105820105820106,0.0196078431372549,0,0.0125,0,0.0253164556962025
"24",0.00793650793650794,0,0,0.0125,0,0.0253164556962025
"25",0.00793650793650794,0,0,0.0125,0,0.0253164556962025
"26",0.00793650793650794,0,0,0.0125,0,0.0253164556962025
"27",0.00793650793650794,0,0,0.0125,0,0.0253164556962025
"28",0.00793650793650794,0,0,0.0125,0,0.0253164556962025
"29",0.00793650793650794,0,0,0.0125,0,0.0253164556962025
"30",0.0105820105820106,0,0,0.0125,0.0178571428571429,0.0253164556962025
"31",0.00793650793650794,0,0,0.0125,0,0.0253164556962025
"32",0.00529100529100529,0,0,0.0125,0,0.0126582278481013
"33",0.00529100529100529,0,0,0.0125,0,0.0126582278481013
"34",0.00793650793650794,0.0196078431372549,0,0.0125,0,0.0126582278481013
"35",0.00793650793650794,0.0196078431372549,0,0.0125,0,0.0126582278481013
"36",0.00793650793650794,0.0196078431372549,0,0.0125,0,0.0126582278481013
"37",0.00793650793650794,0.0196078431372549,0,0.0125,0,0.0126582278481013
"38",0.0105820105820106,0.0196078431372549,0,0.0125,0.0178571428571429,0.0126582278481013
"39",0.00793650793650794,0.0196078431372549,0,0.0125,0,0.0126582278481013
"40",0.00529100529100529,0,0,0.0125,0,0.0126582278481013
"41",0.00793650793650794,0.0196078431372549,0,0.0125,0,0.0126582278481013
"42",0.0105820105820106,0.0196078431372549,0,0.0125,0.0178571428571429,0.0126582278481013
"43",0.0105820105820106,0.0196078431372549,0,0.0125,0.0178571428571429,0.0126582278481013
"44",0.00529100529100529,0,0,0.0125,0,0.0126582278481013
"45",0.00793650793650794,0.0196078431372549,0,0.0125,0,0.0126582278481013
"46",0.00793650793650794,0.0196078431372549,0,0.0125,0,0.0126582278481013
"47",0.00793650793650794,0.0196078431372549,0,0.0125,0,0.0126582278481013
"48",0.00793650793650794,0.0196078431372549,0,0.0125,0,0.0126582278481013
"49",0.00793650793650794,0.0196078431372549,0,0.0125,0,0.0126582278481013
"50",0.00793650793650794,0.0196078431372549,0,0.0125,0,0.0126582278481013
"51",0.00793650793650794,0.0196078431372549,0,0.0125,0,0.0126582278481013
"52",0.00793650793650794,0.0196078431372549,0,0.0125,0,0.0126582278481013
"53",0.0105820105820106,0.0196078431372549,0,0.0125,0.0178571428571429,0.0126582278481013
"54",0.00793650793650794,0.0196078431372549,0,0.0125,0,0.0126582278481013
"55",0.0105820105820106,0.0196078431372549,0,0.0125,0.0178571428571429,0.0126582278481013
"56",0.0105820105820106,0.0196078431372549,0,0.0125,0.0178571428571429,0.0126582278481013
"57",0.0105820105820106,0.0196078431372549,0,0.0125,0.0178571428571429,0.0126582278481013
"58",0.0105820105820106,0.0196078431372549,0,0.0125,0.0178571428571429,0.0126582278481013
"59",0.0105820105820106,0.0196078431372549,0,0.0125,0.0178571428571429,0.0126582278481013
"60",0.00793650793650794,0,0,0.0125,0.0178571428571429,0.0126582278481013
"61",0.00793650793650794,0,0,0.0125,0.0178571428571429,0.0126582278481013
"62",0.00793650793650794,0,0,0.0125,0.0178571428571429,0.0126582278481013
"63",0.00793650793650794,0,0,0.0125,0.0178571428571429,0.0126582278481013
"64",0.0105820105820106,0.0196078431372549,0,0.0125,0.0178571428571429,0.0126582278481013
"65",0.00264550264550265,0.0196078431372549,0,0,0,0
"66",0.00793650793650794,0,0,0.0125,0.0178571428571429,0.0126582278481013
"67",0.00793650793650794,0,0,0.0125,0.0178571428571429,0.0126582278481013
"68",0.00529100529100529,0,0,0.0125,0,0.0126582278481013
"69",0.00793650793650794,0,0,0.0125,0.0178571428571429,0.0126582278481013
"70",0.0105820105820106,0.0196078431372549,0,0.0125,0.0178571428571429,0.0126582278481013
"71",0.0105820105820106,0.0196078431372549,0,0.0125,0.0178571428571429,0.0126582278481013
"72",0.00793650793650794,0,0,0.0125,0.0178571428571429,0.0126582278481013
"73",0.00793650793650794,0,0,0.0125,0.0178571428571429,0.0126582278481013
"74",0.00793650793650794,0,0,0.0125,0.0178571428571429,0.0126582278481013
"75",0.00793650793650794,0,0,0.0125,0.0178571428571429,0.0126582278481013
"76",0.00793650793650794,0,0,0.0125,0.0178571428571429,0.0126582278481013
"77",0.00793650793650794,0,0,0.0125,0.0178571428571429,0.0126582278481013
"78",0.00793650793650794,0,0,0.0125,0.0178571428571429,0.0126582278481013
"79",0.00793650793650794,0,0,0.0125,0.0178571428571429,0.0126582278481013
"80",0.00793650793650794,0,0,0.0125,0.0178571428571429,0.0126582278481013
"81",0.00529100529100529,0,0,0,0.0178571428571429,0.0126582278481013
"82",0.00529100529100529,0,0,0,0.0178571428571429,0.0126582278481013
"83",0.00529100529100529,0,0,0,0.0178571428571429,0.0126582278481013
"84",0.00529100529100529,0,0,0,0.0178571428571429,0.0126582278481013
"85",0.00529100529100529,0,0,0,0.0178571428571429,0.0126582278481013
"86",0.00529100529100529,0,0,0,0.0178571428571429,0.0126582278481013
"87",0.00529100529100529,0,0,0,0.0178571428571429,0.0126582278481013
"88",0.00529100529100529,0,0,0,0.0178571428571429,0.0126582278481013
"89",0.00264550264550265,0,0,0,0.0178571428571429,0
"90",0.00264550264550265,0,0,0,0.0178571428571429,0
"91",0.00264550264550265,0,0,0,0.0178571428571429,0
"92",0.00264550264550265,0,0,0,0.0178571428571429,0
"93",0.00264550264550265,0,0,0,0.0178571428571429,0
"94",0.00264550264550265,0,0,0,0.0178571428571429,0
"95",0.00264550264550265,0,0,0,0.0178571428571429,0
"96",0.00264550264550265,0,0,0,0.0178571428571429,0
"97",0.00264550264550265,0,0,0,0.0178571428571429,0
"98",0.00264550264550265,0,0,0,0.0178571428571429,0
"99",0.00264550264550265,0,0,0,0.0178571428571429,0
"100",0.00264550264550265,0,0,0,0.0178571428571429,0
"101",0.00264550264550265,0,0,0,0.0178571428571429,0
"102",0.00264550264550265,0,0,0,0.0178571428571429,0
"103",0.00529100529100529,0.0196078431372549,0,0,0.0178571428571429,0
"104",0.00793650793650794,0.0392156862745098,0,0,0.0178571428571429,0
"105",0.00529100529100529,0.0196078431372549,0,0,0.0178571428571429,0
"106",0.00529100529100529,0.0196078431372549,0,0,0.0178571428571429,0
"107",0.00264550264550265,0,0,0,0.0178571428571429,0
"108",0.00529100529100529,0.0196078431372549,0,0,0.0178571428571429,0
"109",0.00793650793650794,0.0392156862745098,0,0,0.0178571428571429,0
"110",0.00529100529100529,0.0196078431372549,0,0,0.0178571428571429,0
"111",0.00264550264550265,0,0,0,0.0178571428571429,0
"112",0.00529100529100529,0.0196078431372549,0,0,0.0178571428571429,0
"113",0.00529100529100529,0.0196078431372549,0,0,0.0178571428571429,0
"114",0.00529100529100529,0.0196078431372549,0,0,0.0178571428571429,0
"115",0.00793650793650794,0.0392156862745098,0,0,0.0178571428571429,0
"116",0.00529100529100529,0.0196078431372549,0,0,0.0178571428571429,0
"117",0.00264550264550265,0,0,0,0.0178571428571429,0
"118",0.00529100529100529,0.0196078431372549,0,0,0.0178571428571429,0
"119",0.00529100529100529,0.0196078431372549,0,0,0.0178571428571429,0
"120",0.00529100529100529,0.0196078431372549,0,0,0.0178571428571429,0
"121",0.00264550264550265,0,0,0,0.0178571428571429,0
"122",0.00264550264550265,0,0,0,0.0178571428571429,0
"123",0.00264550264550265,0,0,0,0.0178571428571429,0
"124",0.00264550264550265,0,0,0,0.0178571428571429,0
"125",0.00264550264550265,0,0,0,0.0178571428571429,0
"126",0.00264550264550265,0,0,0,0.0178571428571429,0
"127",0.00264550264550265,0,0,0,0.0178571428571429,0
"128",0.00264550264550265,0,0,0,0.0178571428571429,0
"129",0.00264550264550265,0,0,0,0.0178571428571429,0
"130",0.00264550264550265,0,0,0,0.0178571428571429,0
"131",0.00264550264550265,0,0,0,0.0178571428571429,0
"132",0.00529100529100529,0.0196078431372549,0,0,0.0178571428571429,0
"133",0.00529100529100529,0.0196078431372549,0,0,0.0178571428571429,0
"134",0.00529100529100529,0.0196078431372549,0,0,0.0178571428571429,0
"135",0.00264550264550265,0,0,0,0.0178571428571429,0
"136",0.00264550264550265,0,0,0,0.0178571428571429,0
"137",0.00529100529100529,0.0196078431372549,0,0,0.0178571428571429,0
"138",0.00529100529100529,0.0196078431372549,0,0,0.0178571428571429,0
"139",0.00529100529100529,0.0196078431372549,0,0,0.0178571428571429,0
"140",0.00529100529100529,0.0196078431372549,0,0,0.0178571428571429,0
"141",0.00529100529100529,0.0196078431372549,0,0,0.0178571428571429,0
"142",0.00529100529100529,0.0196078431372549,0,0,0.0178571428571429,0
"143",0.00529100529100529,0.0196078431372549,0,0,0.0178571428571429,0
"144",0.00529100529100529,0.0196078431372549,0,0,0.0178571428571429,0
"145",0.00529100529100529,0.0196078431372549,0,0,0.0178571428571429,0
"146",0.00529100529100529,0.0196078431372549,0,0,0.0178571428571429,0
"147",0.00529100529100529,0.0196078431372549,0,0,0.0178571428571429,0
"148",0.00529100529100529,0.0196078431372549,0,0,0.0178571428571429,0
"149",0.00529100529100529,0.0196078431372549,0,0,0.0178571428571429,0
"150",0.00529100529100529,0.0196078431372549,0,0,0.0178571428571429,0
"151",0.00264550264550265,0,0,0,0.0178571428571429,0
"152",0.00264550264550265,0,0,0,0.0178571428571429,0
"153",0.00529100529100529,0.0196078431372549,0,0,0.0178571428571429,0
"154",0.00264550264550265,0,0,0,0.0178571428571429,0
"155",0.00264550264550265,0,0,0,0.0178571428571429,0
"156",0.00264550264550265,0,0,0,0.0178571428571429,0
"157",0.00264550264550265,0,0,0,0.0178571428571429,0
"158",0.00529100529100529,0.0196078431372549,0,0,0.0178571428571429,0
"159",0.00529100529100529,0.0196078431372549,0,0,0.0178571428571429,0
"160",0.00529100529100529,0.0196078431372549,0,0,0.0178571428571429,0
"161",0.00529100529100529,0.0196078431372549,0,0,0.0178571428571429,0
"162",0.00529100529100529,0.0196078431372549,0,0,0.0178571428571429,0
"163",0.00529100529100529,0.0196078431372549,0,0,0.0178571428571429,0
"164",0.00529100529100529,0.0196078431372549,0,0,0.0178571428571429,0
"165",0.00529100529100529,0.0196078431372549,0,0,0.0178571428571429,0
"166",0.00529100529100529,0.0196078431372549,0,0,0.0178571428571429,0
"167",0.00529100529100529,0.0196078431372549,0,0,0.0178571428571429,0
"168",0.00529100529100529,0.0196078431372549,0,0,0.0178571428571429,0
"169",0.00529100529100529,0.0196078431372549,0,0,0.0178571428571429,0
"170",0.00529100529100529,0.0196078431372549,0,0,0.0178571428571429,0
"171",0.00529100529100529,0.0196078431372549,0,0,0.0178571428571429,0
"172",0.00529100529100529,0.0196078431372549,0,0,0.0178571428571429,0
"173",0.00264550264550265,0,0,0,0.0178571428571429,0
"174",0.00264550264550265,0,0,0,0.0178571428571429,0
"175",0.00264550264550265,0,0,0,0.0178571428571429,0
"176",0.00529100529100529,0.0196078431372549,0,0,0.0178571428571429,0
"177",0.00264550264550265,0,0,0,0.0178571428571429,0
"178",0.00529100529100529,0.0196078431372549,0,0,0.0178571428571429,0
"179",0.00264550264550265,0,0,0,0.0178571428571429,0
"180",0.00264550264550265,0,0,0,0.0178571428571429,0
"181",0.00529100529100529,0.0196078431372549,0,0,0.0178571428571429,0
"182",0.00529100529100529,0.0196078431372549,0,0,0.0178571428571429,0
"183",0.00529100529100529,0.0196078431372549,0,0,0.0178571428571429,0
"184",0.00529100529100529,0.0196078431372549,0,0,0.0178571428571429,0
"185",0.00529100529100529,0.0196078431372549,0,0,0.0178571428571429,0
"186",0.00529100529100529,0.0196078431372549,0,0,0.0178571428571429,0
"187",0.00529100529100529,0.0196078431372549,0,0,0.0178571428571429,0
"188",0.00529100529100529,0.0196078431372549,0,0,0.0178571428571429,0
"189",0.00529100529100529,0.0196078431372549,0,0,0.0178571428571429,0
"190",0.00529100529100529,0.0196078431372549,0,0,0.0178571428571429,0
"191",0.00529100529100529,0.0196078431372549,0,0,0.0178571428571429,0
"192",0.00529100529100529,0.0196078431372549,0,0,0.0178571428571429,0
"193",0.00529100529100529,0.0196078431372549,0,0,0.0178571428571429,0
"194",0.00529100529100529,0.0196078431372549,0,0,0.0178571428571429,0
"195",0.00529100529100529,0.0196078431372549,0,0,0.0178571428571429,0
"196",0.00529100529100529,0.0196078431372549,0,0,0.0178571428571429,0
"197",0.00529100529100529,0.0196078431372549,0,0,0.0178571428571429,0
"198",0.00529100529100529,0.0196078431372549,0,0,0.0178571428571429,0
"199",0.00529100529100529,0.0196078431372549,0,0,0.0178571428571429,0
"200",0.00529100529100529,0.0196078431372549,0,0,0.0178571428571429,0
"201",0.00529100529100529,0.0196078431372549,0,0,0.0178571428571429,0
"202",0.00529100529100529,0.0196078431372549,0,0,0.0178571428571429,0
"203",0.00529100529100529,0.0196078431372549,0,0,0.0178571428571429,0
"204",0.00529100529100529,0.0196078431372549,0,0,0.0178571428571429,0
"205",0.00529100529100529,0.0196078431372549,0,0,0.0178571428571429,0
"206",0.00529100529100529,0.0196078431372549,0,0,0.0178571428571429,0
"207",0.00529100529100529,0.0196078431372549,0,0,0.0178571428571429,0
"208",0.00529100529100529,0.0196078431372549,0,0,0.0178571428571429,0
"209",0.00529100529100529,0.0196078431372549,0,0,0.0178571428571429,0
"210",0.00529100529100529,0.0196078431372549,0,0,0.0178571428571429,0
"211",0.00529100529100529,0.0196078431372549,0,0,0.0178571428571429,0
"212",0.00529100529100529,0.0196078431372549,0,0,0.0178571428571429,0
"213",0.00529100529100529,0.0196078431372549,0,0,0.0178571428571429,0
"214",0.00529100529100529,0.0196078431372549,0,0,0.0178571428571429,0
"215",0.00529100529100529,0.0196078431372549,0,0,0.0178571428571429,0
"216",0.00529100529100529,0.0196078431372549,0,0,0.0178571428571429,0
"217",0.00793650793650794,0.0392156862745098,0,0,0.0178571428571429,0
"218",0.00529100529100529,0.0196078431372549,0,0,0.0178571428571429,0
"219",0.00793650793650794,0.0392156862745098,0,0,0.0178571428571429,0
"220",0.00793650793650794,0.0392156862745098,0,0,0.0178571428571429,0
"221",0.00793650793650794,0.0392156862745098,0,0,0.0178571428571429,0
"222",0.00793650793650794,0.0392156862745098,0,0,0.0178571428571429,0
"223",0.00793650793650794,0.0392156862745098,0,0,0.0178571428571429,0
"224",0.00793650793650794,0.0392156862745098,0,0,0.0178571428571429,0
"225",0.00529100529100529,0.0196078431372549,0,0,0.0178571428571429,0
"226",0.00793650793650794,0.0392156862745098,0,0,0.0178571428571429,0
"227",0.00793650793650794,0.0392156862745098,0,0,0.0178571428571429,0
"228",0.00793650793650794,0.0392156862745098,0,0,0.0178571428571429,0
"229",0.00793650793650794,0.0392156862745098,0,0,0.0178571428571429,0
"230",0.00793650793650794,0.0392156862745098,0,0,0.0178571428571429,0
"231",0.00793650793650794,0.0392156862745098,0,0,0.0178571428571429,0
"232",0.00793650793650794,0.0392156862745098,0,0,0.0178571428571429,0
"233",0.00793650793650794,0.0392156862745098,0,0,0.0178571428571429,0
"234",0.00793650793650794,0.0392156862745098,0,0,0.0178571428571429,0
"235",0.00793650793650794,0.0392156862745098,0,0,0.0178571428571429,0
"236",0.00793650793650794,0.0392156862745098,0,0,0.0178571428571429,0
"237",0.00793650793650794,0.0392156862745098,0,0,0.0178571428571429,0
"238",0.00793650793650794,0.0392156862745098,0,0,0.0178571428571429,0
"239",0.00793650793650794,0.0392156862745098,0,0,0.0178571428571429,0
"240",0.00793650793650794,0.0392156862745098,0,0,0.0178571428571429,0
"241",0.00793650793650794,0.0392156862745098,0,0,0.0178571428571429,0
"242",0.00793650793650794,0.0392156862745098,0,0,0.0178571428571429,0
"243",0.00793650793650794,0.0392156862745098,0,0,0.0178571428571429,0
"244",0.00793650793650794,0.0392156862745098,0,0,0.0178571428571429,0
"245",0.00793650793650794,0.0392156862745098,0,0,0.0178571428571429,0
"246",0.00793650793650794,0.0392156862745098,0,0,0.0178571428571429,0
"247",0.00793650793650794,0.0392156862745098,0,0,0.0178571428571429,0
"248",0.00793650793650794,0.0392156862745098,0,0,0.0178571428571429,0
"249",0.00793650793650794,0.0392156862745098,0,0,0.0178571428571429,0
"250",0.00793650793650794,0.0392156862745098,0,0,0.0178571428571429,0
"251",0.00793650793650794,0.0392156862745098,0,0,0.0178571428571429,0
"252",0.00793650793650794,0.0392156862745098,0,0,0.0178571428571429,0
"253",0.00793650793650794,0.0392156862745098,0,0,0.0178571428571429,0
"254",0.00793650793650794,0.0392156862745098,0,0,0.0178571428571429,0
"255",0.00793650793650794,0.0392156862745098,0,0,0.0178571428571429,0
"256",0.00793650793650794,0.0392156862745098,0,0,0.0178571428571429,0
"257",0.00793650793650794,0.0392156862745098,0,0,0.0178571428571429,0
"258",0.00793650793650794,0.0392156862745098,0,0,0.0178571428571429,0
"259",0.00793650793650794,0.0392156862745098,0,0,0.0178571428571429,0
"260",0.00793650793650794,0.0392156862745098,0,0,0.0178571428571429,0
"261",0.00793650793650794,0.0392156862745098,0,0,0.0178571428571429,0
"262",0.00793650793650794,0.0392156862745098,0,0,0.0178571428571429,0
"263",0.00793650793650794,0.0392156862745098,0,0,0.0178571428571429,0
"264",0.00793650793650794,0.0392156862745098,0,0,0.0178571428571429,0
"265",0.00793650793650794,0.0392156862745098,0,0,0.0178571428571429,0
"266",0.00793650793650794,0.0392156862745098,0,0,0.0178571428571429,0
"267",0.00793650793650794,0.0392156862745098,0,0,0.0178571428571429,0
"268",0.00793650793650794,0.0392156862745098,0,0,0.0178571428571429,0
"269",0.00793650793650794,0.0392156862745098,0,0,0.0178571428571429,0
"270",0.00793650793650794,0.0392156862745098,0,0,0.0178571428571429,0
"271",0.00793650793650794,0.0392156862745098,0,0,0.0178571428571429,0
"272",0.00793650793650794,0.0392156862745098,0,0,0.0178571428571429,0
"273",0.00793650793650794,0.0392156862745098,0,0,0.0178571428571429,0
"274",0.00793650793650794,0.0392156862745098,0,0,0.0178571428571429,0
"275",0.00793650793650794,0.0392156862745098,0,0,0.0178571428571429,0
"276",0.00793650793650794,0.0392156862745098,0,0,0.0178571428571429,0
"277",0.00793650793650794,0.0392156862745098,0,0,0.0178571428571429,0
"278",0.00793650793650794,0.0392156862745098,0,0,0.0178571428571429,0
"279",0.00793650793650794,0.0392156862745098,0,0,0.0178571428571429,0
"280",0.00793650793650794,0.0392156862745098,0,0,0.0178571428571429,0
"281",0.00793650793650794,0.0392156862745098,0,0,0.0178571428571429,0
"282",0.00793650793650794,0.0392156862745098,0,0,0.0178571428571429,0
"283",0.00793650793650794,0.0392156862745098,0,0,0.0178571428571429,0
"284",0.00793650793650794,0.0392156862745098,0,0,0.0178571428571429,0
"285",0.00793650793650794,0.0392156862745098,0,0,0.0178571428571429,0
"286",0.00793650793650794,0.0392156862745098,0,0,0.0178571428571429,0
"287",0.00793650793650794,0.0392156862745098,0,0,0.0178571428571429,0
"288",0.00793650793650794,0.0392156862745098,0,0,0.0178571428571429,0
"289",0.00793650793650794,0.0392156862745098,0,0,0.0178571428571429,0
"290",0.00793650793650794,0.0392156862745098,0,0,0.0178571428571429,0
"291",0.00793650793650794,0.0392156862745098,0,0,0.0178571428571429,0
"292",0.00793650793650794,0.0392156862745098,0,0,0.0178571428571429,0
"293",0.00793650793650794,0.0392156862745098,0,0,0.0178571428571429,0
"294",0.00793650793650794,0.0392156862745098,0,0,0.0178571428571429,0
"295",0.00793650793650794,0.0392156862745098,0,0,0.0178571428571429,0
"296",0.00793650793650794,0.0392156862745098,0,0,0.0178571428571429,0
"297",0.00793650793650794,0.0392156862745098,0,0,0.0178571428571429,0
"298",0.00793650793650794,0.0392156862745098,0,0,0.0178571428571429,0
"299",0.00793650793650794,0.0392156862745098,0,0,0.0178571428571429,0
"300",0.00793650793650794,0.0392156862745098,0,0,0.0178571428571429,0
"301",0.00793650793650794,0.0392156862745098,0,0,0.0178571428571429,0
"302",0.00793650793650794,0.0392156862745098,0,0,0.0178571428571429,0
"303",0.00793650793650794,0.0392156862745098,0,0,0.0178571428571429,0
"304",0.00793650793650794,0.0392156862745098,0,0,0.0178571428571429,0
"305",0.00793650793650794,0.0392156862745098,0,0,0.0178571428571429,0
"306",0.00793650793650794,0.0392156862745098,0,0,0.0178571428571429,0
"307",0.00793650793650794,0.0392156862745098,0,0,0.0178571428571429,0
"308",0.00793650793650794,0.0392156862745098,0,0,0.0178571428571429,0
"309",0.00793650793650794,0.0392156862745098,0,0,0.0178571428571429,0
"310",0.00793650793650794,0.0392156862745098,0,0,0.0178571428571429,0
"311",0.00793650793650794,0.0392156862745098,0,0,0.0178571428571429,0
"312",0.00793650793650794,0.0392156862745098,0,0,0.0178571428571429,0
"313",0.00793650793650794,0.0392156862745098,0,0,0.0178571428571429,0
"314",0.00793650793650794,0.0392156862745098,0,0,0.0178571428571429,0
"315",0.00793650793650794,0.0392156862745098,0,0,0.0178571428571429,0
"316",0.00793650793650794,0.0392156862745098,0,0,0.0178571428571429,0
"317",0.00793650793650794,0.0392156862745098,0,0,0.0178571428571429,0
"318",0.00793650793650794,0.0392156862745098,0,0,0.0178571428571429,0
"319",0.00793650793650794,0.0392156862745098,0,0,0.0178571428571429,0
"320",0.00793650793650794,0.0392156862745098,0,0,0.0178571428571429,0
"321",0.00793650793650794,0.0392156862745098,0,0,0.0178571428571429,0
"322",0.00793650793650794,0.0392156862745098,0,0,0.0178571428571429,0
"323",0.00793650793650794,0.0392156862745098,0,0,0.0178571428571429,0
"324",0.00793650793650794,0.0392156862745098,0,0,0.0178571428571429,0
"325",0.00793650793650794,0.0392156862745098,0,0,0.0178571428571429,0
"326",0.00793650793650794,0.0392156862745098,0,0,0.0178571428571429,0
"327",0.00793650793650794,0.0392156862745098,0,0,0.0178571428571429,0
"328",0.00793650793650794,0.0392156862745098,0,0,0.0178571428571429,0
"329",0.00793650793650794,0.0392156862745098,0,0,0.0178571428571429,0
"330",0.00793650793650794,0.0392156862745098,0,0,0.0178571428571429,0
"331",0.00793650793650794,0.0392156862745098,0,0,0.0178571428571429,0
"332",0.00793650793650794,0.0392156862745098,0,0,0.0178571428571429,0
"333",0.00793650793650794,0.0392156862745098,0,0,0.0178571428571429,0
"334",0.00793650793650794,0.0392156862745098,0,0,0.0178571428571429,0
"335",0.00793650793650794,0.0392156862745098,0,0,0.0178571428571429,0
"336",0.00793650793650794,0.0392156862745098,0,0,0.0178571428571429,0
"337",0.00793650793650794,0.0392156862745098,0,0,0.0178571428571429,0
"338",0.00793650793650794,0.0392156862745098,0,0,0.0178571428571429,0
"339",0.00793650793650794,0.0392156862745098,0,0,0.0178571428571429,0
"340",0.00793650793650794,0.0392156862745098,0,0,0.0178571428571429,0
"341",0.00793650793650794,0.0392156862745098,0,0,0.0178571428571429,0
"342",0.00793650793650794,0.0392156862745098,0,0,0.0178571428571429,0
"343",0.00793650793650794,0.0392156862745098,0,0,0.0178571428571429,0
"344",0.00793650793650794,0.0392156862745098,0,0,0.0178571428571429,0
"345",0.00793650793650794,0.0392156862745098,0,0,0.0178571428571429,0
"346",0.00793650793650794,0.0392156862745098,0,0,0.0178571428571429,0
"347",0.00793650793650794,0.0392156862745098,0,0,0.0178571428571429,0
"348",0.00793650793650794,0.0392156862745098,0,0,0.0178571428571429,0
"349",0.00793650793650794,0.0392156862745098,0,0,0.0178571428571429,0
"350",0.00793650793650794,0.0392156862745098,0,0,0.0178571428571429,0
"351",0.00793650793650794,0.0392156862745098,0,0,0.0178571428571429,0
"352",0.00793650793650794,0.0392156862745098,0,0,0.0178571428571429,0
"353",0.00793650793650794,0.0392156862745098,0,0,0.0178571428571429,0
"354",0.00793650793650794,0.0392156862745098,0,0,0.0178571428571429,0
"355",0.00793650793650794,0.0392156862745098,0,0,0.0178571428571429,0
"356",0.00793650793650794,0.0392156862745098,0,0,0.0178571428571429,0
"357",0.00793650793650794,0.0392156862745098,0,0,0.0178571428571429,0
"358",0.00793650793650794,0.0392156862745098,0,0,0.0178571428571429,0
"359",0.00793650793650794,0.0392156862745098,0,0,0.0178571428571429,0
"360",0.00793650793650794,0.0392156862745098,0,0,0.0178571428571429,0
"361",0.00793650793650794,0.0392156862745098,0,0,0.0178571428571429,0
"362",0.00793650793650794,0.0392156862745098,0,0,0.0178571428571429,0
"363",0.00793650793650794,0.0392156862745098,0,0,0.0178571428571429,0
"364",0.00793650793650794,0.0392156862745098,0,0,0.0178571428571429,0
"365",0.00793650793650794,0.0392156862745098,0,0,0.0178571428571429,0
"366",0.00793650793650794,0.0392156862745098,0,0,0.0178571428571429,0
"367",0.00793650793650794,0.0392156862745098,0,0,0.0178571428571429,0
"368",0.00793650793650794,0.0392156862745098,0,0,0.0178571428571429,0
"369",0.00793650793650794,0.0392156862745098,0,0,0.0178571428571429,0
"370",0.00793650793650794,0.0392156862745098,0,0,0.0178571428571429,0
"371",0.00793650793650794,0.0392156862745098,0,0,0.0178571428571429,0
"372",0.00793650793650794,0.0392156862745098,0,0,0.0178571428571429,0
"373",0.00793650793650794,0.0392156862745098,0,0,0.0178571428571429,0
"374",0.00793650793650794,0.0392156862745098,0,0,0.0178571428571429,0
"375",0.00793650793650794,0.0392156862745098,0,0,0.0178571428571429,0
"376",0.00793650793650794,0.0392156862745098,0,0,0.0178571428571429,0
"377",0.00793650793650794,0.0392156862745098,0,0,0.0178571428571429,0
"378",0.00793650793650794,0.0392156862745098,0,0,0.0178571428571429,0
"379",0.00793650793650794,0.0392156862745098,0,0,0.0178571428571429,0
"380",0.00793650793650794,0.0392156862745098,0,0,0.0178571428571429,0
"381",0.00793650793650794,0.0392156862745098,0,0,0.0178571428571429,0
"382",0.00793650793650794,0.0392156862745098,0,0,0.0178571428571429,0
"383",0.00793650793650794,0.0392156862745098,0,0,0.0178571428571429,0
"384",0.00793650793650794,0.0392156862745098,0,0,0.0178571428571429,0
"385",0.00793650793650794,0.0392156862745098,0,0,0.0178571428571429,0
"386",0.00793650793650794,0.0392156862745098,0,0,0.0178571428571429,0
"387",0.00793650793650794,0.0392156862745098,0,0,0.0178571428571429,0
"388",0.00793650793650794,0.0392156862745098,0,0,0.0178571428571429,0
"389",0.00793650793650794,0.0392156862745098,0,0,0.0178571428571429,0
"390",0.00793650793650794,0.0392156862745098,0,0,0.0178571428571429,0
"391",0.00793650793650794,0.0392156862745098,0,0,0.0178571428571429,0
"392",0.00793650793650794,0.0392156862745098,0,0,0.0178571428571429,0
"393",0.00793650793650794,0.0392156862745098,0,0,0.0178571428571429,0
"394",0.00793650793650794,0.0392156862745098,0,0,0.0178571428571429,0
"395",0.00793650793650794,0.0392156862745098,0,0,0.0178571428571429,0
"396",0.00793650793650794,0.0392156862745098,0,0,0.0178571428571429,0
"397",0.00793650793650794,0.0392156862745098,0,0,0.0178571428571429,0
"398",0.00793650793650794,0.0392156862745098,0,0,0.0178571428571429,0
"399",0.00793650793650794,0.0392156862745098,0,0,0.0178571428571429,0
"400",0.00793650793650794,0.0392156862745098,0,0,0.0178571428571429,0
"401",0.00793650793650794,0.0392156862745098,0,0,0.0178571428571429,0
"402",0.00793650793650794,0.0392156862745098,0,0,0.0178571428571429,0
"403",0.00793650793650794,0.0392156862745098,0,0,0.0178571428571429,0
"404",0.00793650793650794,0.0392156862745098,0,0,0.0178571428571429,0
"405",0.00793650793650794,0.0392156862745098,0,0,0.0178571428571429,0
"406",0.00793650793650794,0.0392156862745098,0,0,0.0178571428571429,0
"407",0.00793650793650794,0.0392156862745098,0,0,0.0178571428571429,0
"408",0.00793650793650794,0.0392156862745098,0,0,0.0178571428571429,0
"409",0.00793650793650794,0.0392156862745098,0,0,0.0178571428571429,0
"410",0.00793650793650794,0.0392156862745098,0,0,0.0178571428571429,0
"411",0.00793650793650794,0.0392156862745098,0,0,0.0178571428571429,0
"412",0.00793650793650794,0.0392156862745098,0,0,0.0178571428571429,0
"413",0.00793650793650794,0.0392156862745098,0,0,0.0178571428571429,0
"414",0.00793650793650794,0.0392156862745098,0,0,0.0178571428571429,0
"415",0.00793650793650794,0.0392156862745098,0,0,0.0178571428571429,0
"416",0.00793650793650794,0.0392156862745098,0,0,0.0178571428571429,0
"417",0.00793650793650794,0.0392156862745098,0,0,0.0178571428571429,0
"418",0.00793650793650794,0.0392156862745098,0,0,0.0178571428571429,0
"419",0.00793650793650794,0.0392156862745098,0,0,0.0178571428571429,0
"420",0.00793650793650794,0.0392156862745098,0,0,0.0178571428571429,0
"421",0.00793650793650794,0.0392156862745098,0,0,0.0178571428571429,0
"422",0.00793650793650794,0.0392156862745098,0,0,0.0178571428571429,0
"423",0.00793650793650794,0.0392156862745098,0,0,0.0178571428571429,0
"424",0.00793650793650794,0.0392156862745098,0,0,0.0178571428571429,0
"425",0.00793650793650794,0.0392156862745098,0,0,0.0178571428571429,0
"426",0.00793650793650794,0.0392156862745098,0,0,0.0178571428571429,0
"427",0.00793650793650794,0.0392156862745098,0,0,0.0178571428571429,0
"428",0.00793650793650794,0.0392156862745098,0,0,0.0178571428571429,0
"429",0.00793650793650794,0.0392156862745098,0,0,0.0178571428571429,0
"430",0.00793650793650794,0.0392156862745098,0,0,0.0178571428571429,0
"431",0.00793650793650794,0.0392156862745098,0,0,0.0178571428571429,0
"432",0.00793650793650794,0.0392156862745098,0,0,0.0178571428571429,0
"433",0.00793650793650794,0.0392156862745098,0,0,0.0178571428571429,0
"434",0.00793650793650794,0.0392156862745098,0,0,0.0178571428571429,0
"435",0.00793650793650794,0.0392156862745098,0,0,0.0178571428571429,0
"436",0.00793650793650794,0.0392156862745098,0,0,0.0178571428571429,0
"437",0.00793650793650794,0.0392156862745098,0,0,0.0178571428571429,0
"438",0.00793650793650794,0.0392156862745098,0,0,0.0178571428571429,0
"439",0.00793650793650794,0.0392156862745098,0,0,0.0178571428571429,0
"440",0.00793650793650794,0.0392156862745098,0,0,0.0178571428571429,0
"441",0.00793650793650794,0.0392156862745098,0,0,0.0178571428571429,0
"442",0.00793650793650794,0.0392156862745098,0,0,0.0178571428571429,0
"443",0.00793650793650794,0.0392156862745098,0,0,0.0178571428571429,0
"444",0.00793650793650794,0.0392156862745098,0,0,0.0178571428571429,0
"445",0.00793650793650794,0.0392156862745098,0,0,0.0178571428571429,0
"446",0.00793650793650794,0.0392156862745098,0,0,0.0178571428571429,0
"447",0.00793650793650794,0.0392156862745098,0,0,0.0178571428571429,0
"448",0.00793650793650794,0.0392156862745098,0,0,0.0178571428571429,0
"449",0.00793650793650794,0.0392156862745098,0,0,0.0178571428571429,0
"450",0.00793650793650794,0.0392156862745098,0,0,0.0178571428571429,0
"451",0.00793650793650794,0.0392156862745098,0,0,0.0178571428571429,0
"452",0.00793650793650794,0.0392156862745098,0,0,0.0178571428571429,0
"453",0.00793650793650794,0.0392156862745098,0,0,0.0178571428571429,0
"454",0.00793650793650794,0.0392156862745098,0,0,0.0178571428571429,0
"455",0.00793650793650794,0.0392156862745098,0,0,0.0178571428571429,0
"456",0.00793650793650794,0.0392156862745098,0,0,0.0178571428571429,0
"457",0.00793650793650794,0.0392156862745098,0,0,0.0178571428571429,0
"458",0.00793650793650794,0.0392156862745098,0,0,0.0178571428571429,0
"459",0.00793650793650794,0.0392156862745098,0,0,0.0178571428571429,0
"460",0.00793650793650794,0.0392156862745098,0,0,0.0178571428571429,0
"461",0.00793650793650794,0.0392156862745098,0,0,0.0178571428571429,0
"462",0.00793650793650794,0.0392156862745098,0,0,0.0178571428571429,0
"463",0.00793650793650794,0.0392156862745098,0,0,0.0178571428571429,0
"464",0.00793650793650794,0.0392156862745098,0,0,0.0178571428571429,0
"465",0.00793650793650794,0.0392156862745098,0,0,0.0178571428571429,0
"466",0.00793650793650794,0.0392156862745098,0,0,0.0178571428571429,0
"467",0.00793650793650794,0.0392156862745098,0,0,0.0178571428571429,0
"468",0.00793650793650794,0.0392156862745098,0,0,0.0178571428571429,0
"469",0.00793650793650794,0.0392156862745098,0,0,0.0178571428571429,0
"470",0.00793650793650794,0.0392156862745098,0,0,0.0178571428571429,0
"471",0.00793650793650794,0.0392156862745098,0,0,0.0178571428571429,0
"472",0.00793650793650794,0.0392156862745098,0,0,0.0178571428571429,0
"473",0.00793650793650794,0.0392156862745098,0,0,0.0178571428571429,0
"474",0.00793650793650794,0.0392156862745098,0,0,0.0178571428571429,0
"475",0.00793650793650794,0.0392156862745098,0,0,0.0178571428571429,0
"476",0.00793650793650794,0.0392156862745098,0,0,0.0178571428571429,0
"477",0.00793650793650794,0.0392156862745098,0,0,0.0178571428571429,0
"478",0.00793650793650794,0.0392156862745098,0,0,0.0178571428571429,0
"479",0.00793650793650794,0.0392156862745098,0,0,0.0178571428571429,0
"480",0.00793650793650794,0.0392156862745098,0,0,0.0178571428571429,0
"481",0.00793650793650794,0.0392156862745098,0,0,0.0178571428571429,0
"482",0.00793650793650794,0.0392156862745098,0,0,0.0178571428571429,0
"483",0.00793650793650794,0.0392156862745098,0,0,0.0178571428571429,0
"484",0.00793650793650794,0.0392156862745098,0,0,0.0178571428571429,0
"485",0.00793650793650794,0.0392156862745098,0,0,0.0178571428571429,0
"486",0.00793650793650794,0.0392156862745098,0,0,0.0178571428571429,0
"487",0.00793650793650794,0.0392156862745098,0,0,0.0178571428571429,0
"488",0.00793650793650794,0.0392156862745098,0,0,0.0178571428571429,0
"489",0.00793650793650794,0.0392156862745098,0,0,0.0178571428571429,0
"490",0.00793650793650794,0.0392156862745098,0,0,0.0178571428571429,0
"491",0.00793650793650794,0.0392156862745098,0,0,0.0178571428571429,0
"492",0.00793650793650794,0.0392156862745098,0,0,0.0178571428571429,0
"493",0.00793650793650794,0.0392156862745098,0,0,0.0178571428571429,0
"494",0.00793650793650794,0.0392156862745098,0,0,0.0178571428571429,0
"495",0.00793650793650794,0.0392156862745098,0,0,0.0178571428571429,0
"496",0.00793650793650794,0.0392156862745098,0,0,0.0178571428571429,0
"497",0.00793650793650794,0.0392156862745098,0,0,0.0178571428571429,0
"498",0.00793650793650794,0.0392156862745098,0,0,0.0178571428571429,0
"499",0.00793650793650794,0.0392156862745098,0,0,0.0178571428571429,0
"500",0.00793650793650794,0.0392156862745098,0,0,0.0178571428571429,0
