"","OOB","1","2","3","4","5"
"1",0.0478468899521531,0.0606060606060606,0,0.024390243902439,0.09375,0.114285714285714
"2",0.0343839541547278,0.037037037037037,0.00970873786407767,0.0410958904109589,0.015625,0.0909090909090909
"3",0.0505747126436782,0.0967741935483871,0,0.0425531914893617,0.0246913580246914,0.147058823529412
"4",0.0571428571428571,0.0909090909090909,0,0.0480769230769231,0.0344827586206897,0.164705882352941
"5",0.0627376425855513,0.133333333333333,0.00636942675159236,0.0642201834862385,0.0103092783505155,0.159090909090909
"6",0.0492700729927007,0.0779220779220779,0.00613496932515337,0.0530973451327434,0.0194174757281553,0.130434782608696
"7",0.0513274336283186,0.0864197530864197,0.00595238095238095,0.0598290598290598,0.00952380952380952,0.138297872340426
"8",0.0469565217391304,0.0740740740740741,0,0.0578512396694215,0.0280373831775701,0.114583333333333
"9",0.0448275862068966,0.0617283950617284,0,0.0569105691056911,0.00934579439252336,0.13265306122449
"10",0.0428816466552316,0.0617283950617284,0,0.072,0.00934579439252336,0.102040816326531
"11",0.0478632478632479,0.0864197530864197,0.00578034682080925,0.0793650793650794,0,0.102040816326531
"12",0.0459965928449744,0.0609756097560976,0.00574712643678161,0.0793650793650794,0.00934579439252336,0.102040816326531
"13",0.0459965928449744,0.0731707317073171,0,0.0714285714285714,0.00934579439252336,0.112244897959184
"14",0.0442930153321976,0.0731707317073171,0.00574712643678161,0.0714285714285714,0.00934579439252336,0.0918367346938776
"15",0.0425894378194208,0.0731707317073171,0.00574712643678161,0.0634920634920635,0.00934579439252336,0.0918367346938776
"16",0.0425894378194208,0.0731707317073171,0.00574712643678161,0.0714285714285714,0.00934579439252336,0.0816326530612245
"17",0.0374787052810903,0.0487804878048781,0.00574712643678161,0.0476190476190476,0.00934579439252336,0.102040816326531
"18",0.0391822827938671,0.0731707317073171,0.00574712643678161,0.0476190476190476,0.00934579439252336,0.0918367346938776
"19",0.0425894378194208,0.0853658536585366,0.00574712643678161,0.0555555555555556,0,0.102040816326531
"20",0.0391822827938671,0.0609756097560976,0.00574712643678161,0.0555555555555556,0,0.102040816326531
"21",0.0391822827938671,0.0609756097560976,0.00574712643678161,0.0555555555555556,0,0.102040816326531
"22",0.0391822827938671,0.0609756097560976,0.00574712643678161,0.0634920634920635,0,0.0918367346938776
"23",0.0323679727427598,0.0487804878048781,0.00574712643678161,0.0476190476190476,0,0.0816326530612245
"24",0.0357751277683135,0.0487804878048781,0.00574712643678161,0.0476190476190476,0.00934579439252336,0.0918367346938776
"25",0.0374787052810903,0.0609756097560976,0.00574712643678161,0.0476190476190476,0,0.102040816326531
"26",0.0323679727427598,0.0487804878048781,0.00574712643678161,0.0476190476190476,0.00934579439252336,0.0714285714285714
"27",0.0357751277683135,0.0609756097560976,0.00574712643678161,0.0396825396825397,0.00934579439252336,0.0918367346938776
"28",0.0357751277683135,0.0731707317073171,0.00574712643678161,0.0396825396825397,0.00934579439252336,0.0816326530612245
"29",0.0374787052810903,0.0609756097560976,0.0114942528735632,0.0476190476190476,0,0.0918367346938776
"30",0.0357751277683135,0.0609756097560976,0.00574712643678161,0.0476190476190476,0,0.0918367346938776
"31",0.0323679727427598,0.0609756097560976,0.00574712643678161,0.0396825396825397,0,0.0816326530612245
"32",0.0374787052810903,0.0609756097560976,0.00574712643678161,0.0476190476190476,0,0.102040816326531
"33",0.0323679727427598,0.0487804878048781,0.00574712643678161,0.0476190476190476,0,0.0816326530612245
"34",0.0340715502555366,0.0609756097560976,0.00574712643678161,0.0476190476190476,0,0.0816326530612245
"35",0.0340715502555366,0.0487804878048781,0,0.0476190476190476,0,0.102040816326531
"36",0.0340715502555366,0.0487804878048781,0,0.0476190476190476,0,0.102040816326531
"37",0.0323679727427598,0.0487804878048781,0.00574712643678161,0.0396825396825397,0,0.0918367346938776
"38",0.0340715502555366,0.0487804878048781,0,0.0476190476190476,0,0.102040816326531
"39",0.0323679727427598,0.0487804878048781,0.00574712643678161,0.0396825396825397,0,0.0918367346938776
"40",0.0357751277683135,0.0609756097560976,0.00574712643678161,0.0396825396825397,0,0.102040816326531
"41",0.030664395229983,0.0487804878048781,0.00574712643678161,0.0317460317460317,0,0.0918367346938776
"42",0.0323679727427598,0.0487804878048781,0.0114942528735632,0.0396825396825397,0,0.0816326530612245
"43",0.0323679727427598,0.0487804878048781,0.00574712643678161,0.0476190476190476,0,0.0816326530612245
"44",0.0340715502555366,0.0609756097560976,0.0114942528735632,0.0476190476190476,0,0.0714285714285714
"45",0.030664395229983,0.0487804878048781,0.0114942528735632,0.0396825396825397,0,0.0714285714285714
"46",0.0289608177172061,0.0609756097560976,0,0.0396825396825397,0,0.0714285714285714
"47",0.0289608177172061,0.0609756097560976,0,0.0396825396825397,0,0.0714285714285714
"48",0.0272572402044293,0.0609756097560976,0.00574712643678161,0.0317460317460317,0,0.0612244897959184
"49",0.0323679727427598,0.0609756097560976,0.0114942528735632,0.0396825396825397,0,0.0714285714285714
"50",0.0323679727427598,0.0731707317073171,0,0.0396825396825397,0,0.0816326530612245
"51",0.0289608177172061,0.0731707317073171,0,0.0396825396825397,0,0.0612244897959184
"52",0.030664395229983,0.0731707317073171,0.00574712643678161,0.0396825396825397,0,0.0612244897959184
"53",0.0323679727427598,0.0731707317073171,0.00574712643678161,0.0396825396825397,0,0.0714285714285714
"54",0.030664395229983,0.0609756097560976,0.00574712643678161,0.0396825396825397,0,0.0714285714285714
"55",0.0289608177172061,0.0487804878048781,0.00574712643678161,0.0396825396825397,0,0.0714285714285714
"56",0.0340715502555366,0.0731707317073171,0.00574712643678161,0.0476190476190476,0,0.0714285714285714
"57",0.030664395229983,0.0609756097560976,0.00574712643678161,0.0396825396825397,0,0.0714285714285714
"58",0.030664395229983,0.0609756097560976,0.00574712643678161,0.0396825396825397,0,0.0714285714285714
"59",0.030664395229983,0.0609756097560976,0.00574712643678161,0.0396825396825397,0,0.0714285714285714
"60",0.0340715502555366,0.0609756097560976,0.00574712643678161,0.0555555555555556,0,0.0714285714285714
"61",0.0323679727427598,0.0487804878048781,0.00574712643678161,0.0555555555555556,0,0.0714285714285714
"62",0.030664395229983,0.0487804878048781,0.00574712643678161,0.0476190476190476,0,0.0714285714285714
"63",0.0289608177172061,0.0487804878048781,0.00574712643678161,0.0476190476190476,0,0.0612244897959184
"64",0.0340715502555366,0.0609756097560976,0.00574712643678161,0.0555555555555556,0,0.0714285714285714
"65",0.030664395229983,0.0487804878048781,0.00574712643678161,0.0555555555555556,0,0.0612244897959184
"66",0.0323679727427598,0.0487804878048781,0.00574712643678161,0.0634920634920635,0,0.0612244897959184
"67",0.0323679727427598,0.0609756097560976,0.00574712643678161,0.0476190476190476,0,0.0714285714285714
"68",0.0340715502555366,0.0609756097560976,0.00574712643678161,0.0555555555555556,0,0.0714285714285714
"69",0.030664395229983,0.0487804878048781,0,0.0555555555555556,0,0.0714285714285714
"70",0.030664395229983,0.0487804878048781,0,0.0555555555555556,0,0.0714285714285714
"71",0.030664395229983,0.0609756097560976,0,0.0555555555555556,0,0.0612244897959184
"72",0.0323679727427598,0.0609756097560976,0,0.0555555555555556,0,0.0714285714285714
"73",0.0323679727427598,0.0487804878048781,0.00574712643678161,0.0555555555555556,0,0.0714285714285714
"74",0.030664395229983,0.0487804878048781,0,0.0634920634920635,0,0.0612244897959184
"75",0.030664395229983,0.0487804878048781,0,0.0555555555555556,0,0.0714285714285714
"76",0.030664395229983,0.0487804878048781,0,0.0555555555555556,0,0.0714285714285714
"77",0.030664395229983,0.0487804878048781,0,0.0555555555555556,0,0.0714285714285714
"78",0.0289608177172061,0.0487804878048781,0,0.0555555555555556,0,0.0612244897959184
"79",0.030664395229983,0.0487804878048781,0,0.0634920634920635,0,0.0612244897959184
"80",0.0289608177172061,0.0487804878048781,0,0.0555555555555556,0,0.0612244897959184
"81",0.030664395229983,0.0487804878048781,0,0.0634920634920635,0,0.0612244897959184
"82",0.030664395229983,0.0487804878048781,0,0.0634920634920635,0,0.0612244897959184
"83",0.030664395229983,0.0487804878048781,0,0.0634920634920635,0,0.0612244897959184
"84",0.0323679727427598,0.0609756097560976,0,0.0634920634920635,0,0.0612244897959184
"85",0.030664395229983,0.0487804878048781,0,0.0634920634920635,0,0.0612244897959184
"86",0.0340715502555366,0.0609756097560976,0,0.0634920634920635,0,0.0714285714285714
"87",0.030664395229983,0.0487804878048781,0,0.0555555555555556,0,0.0714285714285714
"88",0.0323679727427598,0.0487804878048781,0,0.0634920634920635,0,0.0714285714285714
"89",0.0323679727427598,0.0487804878048781,0,0.0634920634920635,0,0.0714285714285714
"90",0.0340715502555366,0.0609756097560976,0,0.0555555555555556,0,0.0816326530612245
"91",0.030664395229983,0.0487804878048781,0,0.0555555555555556,0,0.0714285714285714
"92",0.0323679727427598,0.0487804878048781,0,0.0634920634920635,0,0.0714285714285714
"93",0.0323679727427598,0.0487804878048781,0,0.0634920634920635,0,0.0714285714285714
"94",0.0323679727427598,0.0487804878048781,0,0.0555555555555556,0,0.0816326530612245
"95",0.0323679727427598,0.0487804878048781,0,0.0555555555555556,0,0.0816326530612245
"96",0.0323679727427598,0.0487804878048781,0,0.0634920634920635,0,0.0714285714285714
"97",0.0323679727427598,0.0487804878048781,0,0.0634920634920635,0,0.0714285714285714
"98",0.0323679727427598,0.0487804878048781,0,0.0634920634920635,0,0.0714285714285714
"99",0.0323679727427598,0.0487804878048781,0,0.0634920634920635,0,0.0714285714285714
"100",0.0323679727427598,0.0609756097560976,0,0.0634920634920635,0,0.0612244897959184
"101",0.0323679727427598,0.0487804878048781,0.00574712643678161,0.0634920634920635,0,0.0612244897959184
"102",0.030664395229983,0.0487804878048781,0.00574712643678161,0.0634920634920635,0,0.0510204081632653
"103",0.0323679727427598,0.0609756097560976,0.00574712643678161,0.0634920634920635,0,0.0510204081632653
"104",0.0340715502555366,0.0609756097560976,0.00574712643678161,0.0634920634920635,0,0.0612244897959184
"105",0.0340715502555366,0.0609756097560976,0.00574712643678161,0.0634920634920635,0,0.0612244897959184
"106",0.0340715502555366,0.0609756097560976,0.00574712643678161,0.0634920634920635,0,0.0612244897959184
"107",0.0340715502555366,0.0609756097560976,0.00574712643678161,0.0634920634920635,0,0.0612244897959184
"108",0.0340715502555366,0.0609756097560976,0.00574712643678161,0.0634920634920635,0,0.0612244897959184
"109",0.0340715502555366,0.0609756097560976,0.00574712643678161,0.0634920634920635,0,0.0612244897959184
"110",0.0340715502555366,0.0609756097560976,0.00574712643678161,0.0634920634920635,0,0.0612244897959184
"111",0.0340715502555366,0.0609756097560976,0.00574712643678161,0.0634920634920635,0,0.0612244897959184
"112",0.0357751277683135,0.0609756097560976,0.00574712643678161,0.0634920634920635,0,0.0714285714285714
"113",0.0357751277683135,0.0609756097560976,0.00574712643678161,0.0634920634920635,0,0.0714285714285714
"114",0.0340715502555366,0.0609756097560976,0.00574712643678161,0.0634920634920635,0,0.0612244897959184
"115",0.0323679727427598,0.0487804878048781,0.00574712643678161,0.0634920634920635,0,0.0612244897959184
"116",0.0323679727427598,0.0487804878048781,0.00574712643678161,0.0634920634920635,0,0.0612244897959184
"117",0.0323679727427598,0.0487804878048781,0.00574712643678161,0.0634920634920635,0,0.0612244897959184
"118",0.0323679727427598,0.0487804878048781,0.00574712643678161,0.0634920634920635,0,0.0612244897959184
"119",0.0323679727427598,0.0487804878048781,0.00574712643678161,0.0634920634920635,0,0.0612244897959184
"120",0.0323679727427598,0.0487804878048781,0.00574712643678161,0.0634920634920635,0,0.0612244897959184
"121",0.0323679727427598,0.0487804878048781,0.00574712643678161,0.0634920634920635,0,0.0612244897959184
"122",0.0340715502555366,0.0487804878048781,0.00574712643678161,0.0634920634920635,0,0.0714285714285714
"123",0.0340715502555366,0.0487804878048781,0.00574712643678161,0.0634920634920635,0,0.0714285714285714
"124",0.0340715502555366,0.0487804878048781,0.00574712643678161,0.0634920634920635,0,0.0714285714285714
"125",0.0323679727427598,0.0487804878048781,0.00574712643678161,0.0555555555555556,0,0.0714285714285714
"126",0.030664395229983,0.0487804878048781,0.00574712643678161,0.0555555555555556,0,0.0612244897959184
"127",0.0323679727427598,0.0487804878048781,0.00574712643678161,0.0555555555555556,0,0.0714285714285714
"128",0.0340715502555366,0.0487804878048781,0.00574712643678161,0.0555555555555556,0,0.0816326530612245
"129",0.0340715502555366,0.0487804878048781,0.00574712643678161,0.0555555555555556,0,0.0816326530612245
"130",0.0323679727427598,0.0487804878048781,0.00574712643678161,0.0555555555555556,0,0.0714285714285714
"131",0.0340715502555366,0.0487804878048781,0.00574712643678161,0.0555555555555556,0,0.0816326530612245
"132",0.0340715502555366,0.0487804878048781,0.00574712643678161,0.0555555555555556,0,0.0816326530612245
"133",0.0340715502555366,0.0487804878048781,0.00574712643678161,0.0555555555555556,0,0.0816326530612245
"134",0.0340715502555366,0.0487804878048781,0.00574712643678161,0.0555555555555556,0,0.0816326530612245
"135",0.0357751277683135,0.0609756097560976,0.00574712643678161,0.0555555555555556,0,0.0816326530612245
"136",0.0357751277683135,0.0609756097560976,0.00574712643678161,0.0555555555555556,0,0.0816326530612245
"137",0.0357751277683135,0.0609756097560976,0.00574712643678161,0.0555555555555556,0,0.0816326530612245
"138",0.0340715502555366,0.0487804878048781,0.00574712643678161,0.0555555555555556,0,0.0816326530612245
"139",0.0340715502555366,0.0487804878048781,0.00574712643678161,0.0555555555555556,0,0.0816326530612245
"140",0.0340715502555366,0.0487804878048781,0.00574712643678161,0.0555555555555556,0,0.0816326530612245
"141",0.0340715502555366,0.0487804878048781,0.00574712643678161,0.0555555555555556,0,0.0816326530612245
"142",0.0340715502555366,0.0487804878048781,0.00574712643678161,0.0555555555555556,0,0.0816326530612245
"143",0.0340715502555366,0.0487804878048781,0.00574712643678161,0.0555555555555556,0,0.0816326530612245
"144",0.0340715502555366,0.0487804878048781,0.00574712643678161,0.0555555555555556,0,0.0816326530612245
"145",0.0340715502555366,0.0487804878048781,0.00574712643678161,0.0555555555555556,0,0.0816326530612245
"146",0.0357751277683135,0.0609756097560976,0.00574712643678161,0.0555555555555556,0,0.0816326530612245
"147",0.0357751277683135,0.0609756097560976,0.00574712643678161,0.0555555555555556,0,0.0816326530612245
"148",0.0357751277683135,0.0609756097560976,0.00574712643678161,0.0555555555555556,0,0.0816326530612245
"149",0.0340715502555366,0.0609756097560976,0.00574712643678161,0.0555555555555556,0,0.0714285714285714
"150",0.0340715502555366,0.0609756097560976,0.00574712643678161,0.0555555555555556,0,0.0714285714285714
"151",0.0340715502555366,0.0609756097560976,0.00574712643678161,0.0555555555555556,0,0.0714285714285714
"152",0.0340715502555366,0.0609756097560976,0.00574712643678161,0.0555555555555556,0,0.0714285714285714
"153",0.0340715502555366,0.0609756097560976,0.00574712643678161,0.0555555555555556,0,0.0714285714285714
"154",0.0340715502555366,0.0609756097560976,0.00574712643678161,0.0555555555555556,0,0.0714285714285714
"155",0.0323679727427598,0.0487804878048781,0.00574712643678161,0.0555555555555556,0,0.0714285714285714
"156",0.0340715502555366,0.0609756097560976,0.00574712643678161,0.0555555555555556,0,0.0714285714285714
"157",0.0323679727427598,0.0487804878048781,0.00574712643678161,0.0555555555555556,0,0.0714285714285714
"158",0.0340715502555366,0.0609756097560976,0.00574712643678161,0.0555555555555556,0,0.0714285714285714
"159",0.0323679727427598,0.0487804878048781,0.00574712643678161,0.0555555555555556,0,0.0714285714285714
"160",0.0340715502555366,0.0487804878048781,0.00574712643678161,0.0634920634920635,0,0.0714285714285714
"161",0.0340715502555366,0.0609756097560976,0.00574712643678161,0.0555555555555556,0,0.0714285714285714
"162",0.0357751277683135,0.0609756097560976,0.00574712643678161,0.0634920634920635,0,0.0714285714285714
"163",0.0340715502555366,0.0487804878048781,0.00574712643678161,0.0634920634920635,0,0.0714285714285714
"164",0.0340715502555366,0.0487804878048781,0.00574712643678161,0.0634920634920635,0,0.0714285714285714
"165",0.0340715502555366,0.0487804878048781,0.00574712643678161,0.0634920634920635,0,0.0714285714285714
"166",0.0357751277683135,0.0609756097560976,0.00574712643678161,0.0634920634920635,0,0.0714285714285714
"167",0.0340715502555366,0.0609756097560976,0.00574712643678161,0.0555555555555556,0,0.0714285714285714
"168",0.0357751277683135,0.0609756097560976,0.00574712643678161,0.0634920634920635,0,0.0714285714285714
"169",0.0340715502555366,0.0609756097560976,0.00574712643678161,0.0555555555555556,0,0.0714285714285714
"170",0.0357751277683135,0.0609756097560976,0.00574712643678161,0.0555555555555556,0,0.0816326530612245
"171",0.0323679727427598,0.0487804878048781,0.00574712643678161,0.0555555555555556,0,0.0714285714285714
"172",0.0323679727427598,0.0487804878048781,0.00574712643678161,0.0555555555555556,0,0.0714285714285714
"173",0.0340715502555366,0.0609756097560976,0.00574712643678161,0.0555555555555556,0,0.0714285714285714
"174",0.0323679727427598,0.0487804878048781,0.00574712643678161,0.0555555555555556,0,0.0714285714285714
"175",0.0357751277683135,0.0609756097560976,0.00574712643678161,0.0555555555555556,0,0.0816326530612245
"176",0.0323679727427598,0.0487804878048781,0.00574712643678161,0.0555555555555556,0,0.0714285714285714
"177",0.0323679727427598,0.0487804878048781,0.00574712643678161,0.0555555555555556,0,0.0714285714285714
"178",0.0323679727427598,0.0487804878048781,0.00574712643678161,0.0555555555555556,0,0.0714285714285714
"179",0.0323679727427598,0.0487804878048781,0.00574712643678161,0.0555555555555556,0,0.0714285714285714
"180",0.0323679727427598,0.0487804878048781,0.00574712643678161,0.0555555555555556,0,0.0714285714285714
"181",0.0323679727427598,0.0487804878048781,0.00574712643678161,0.0555555555555556,0,0.0714285714285714
"182",0.0323679727427598,0.0487804878048781,0.00574712643678161,0.0555555555555556,0,0.0714285714285714
"183",0.0323679727427598,0.0487804878048781,0.00574712643678161,0.0555555555555556,0,0.0714285714285714
"184",0.0323679727427598,0.0487804878048781,0.00574712643678161,0.0555555555555556,0,0.0714285714285714
"185",0.0323679727427598,0.0487804878048781,0.00574712643678161,0.0555555555555556,0,0.0714285714285714
"186",0.0323679727427598,0.0487804878048781,0.00574712643678161,0.0555555555555556,0,0.0714285714285714
"187",0.0323679727427598,0.0487804878048781,0.00574712643678161,0.0555555555555556,0,0.0714285714285714
"188",0.0323679727427598,0.0487804878048781,0.00574712643678161,0.0555555555555556,0,0.0714285714285714
"189",0.0323679727427598,0.0487804878048781,0.00574712643678161,0.0555555555555556,0,0.0714285714285714
"190",0.0323679727427598,0.0487804878048781,0.00574712643678161,0.0555555555555556,0,0.0714285714285714
"191",0.0323679727427598,0.0487804878048781,0.00574712643678161,0.0555555555555556,0,0.0714285714285714
"192",0.0323679727427598,0.0487804878048781,0.00574712643678161,0.0555555555555556,0,0.0714285714285714
"193",0.0323679727427598,0.0487804878048781,0.00574712643678161,0.0555555555555556,0,0.0714285714285714
"194",0.0323679727427598,0.0487804878048781,0.00574712643678161,0.0555555555555556,0,0.0714285714285714
"195",0.0323679727427598,0.0487804878048781,0.00574712643678161,0.0555555555555556,0,0.0714285714285714
"196",0.0323679727427598,0.0487804878048781,0.00574712643678161,0.0555555555555556,0,0.0714285714285714
"197",0.0323679727427598,0.0487804878048781,0.00574712643678161,0.0555555555555556,0,0.0714285714285714
"198",0.0323679727427598,0.0487804878048781,0.00574712643678161,0.0555555555555556,0,0.0714285714285714
"199",0.0323679727427598,0.0487804878048781,0.00574712643678161,0.0555555555555556,0,0.0714285714285714
"200",0.0323679727427598,0.0487804878048781,0.00574712643678161,0.0555555555555556,0,0.0714285714285714
"201",0.0323679727427598,0.0487804878048781,0.00574712643678161,0.0555555555555556,0,0.0714285714285714
"202",0.0323679727427598,0.0487804878048781,0.00574712643678161,0.0555555555555556,0,0.0714285714285714
"203",0.0323679727427598,0.0487804878048781,0.00574712643678161,0.0555555555555556,0,0.0714285714285714
"204",0.0323679727427598,0.0487804878048781,0.00574712643678161,0.0555555555555556,0,0.0714285714285714
"205",0.0323679727427598,0.0487804878048781,0.00574712643678161,0.0555555555555556,0,0.0714285714285714
"206",0.0323679727427598,0.0487804878048781,0.00574712643678161,0.0555555555555556,0,0.0714285714285714
"207",0.0323679727427598,0.0487804878048781,0.00574712643678161,0.0555555555555556,0,0.0714285714285714
"208",0.0323679727427598,0.0487804878048781,0.00574712643678161,0.0555555555555556,0,0.0714285714285714
"209",0.0323679727427598,0.0487804878048781,0.00574712643678161,0.0555555555555556,0,0.0714285714285714
"210",0.0323679727427598,0.0487804878048781,0.00574712643678161,0.0555555555555556,0,0.0714285714285714
"211",0.0340715502555366,0.0609756097560976,0.00574712643678161,0.0555555555555556,0,0.0714285714285714
"212",0.0323679727427598,0.0487804878048781,0.00574712643678161,0.0555555555555556,0,0.0714285714285714
"213",0.0340715502555366,0.0609756097560976,0.00574712643678161,0.0555555555555556,0,0.0714285714285714
"214",0.0323679727427598,0.0487804878048781,0.00574712643678161,0.0555555555555556,0,0.0714285714285714
"215",0.0323679727427598,0.0487804878048781,0.00574712643678161,0.0555555555555556,0,0.0714285714285714
"216",0.0323679727427598,0.0487804878048781,0.00574712643678161,0.0555555555555556,0,0.0714285714285714
"217",0.0340715502555366,0.0487804878048781,0.00574712643678161,0.0555555555555556,0,0.0816326530612245
"218",0.0323679727427598,0.0487804878048781,0.00574712643678161,0.0555555555555556,0,0.0714285714285714
"219",0.0323679727427598,0.0487804878048781,0.00574712643678161,0.0555555555555556,0,0.0714285714285714
"220",0.0340715502555366,0.0609756097560976,0.00574712643678161,0.0555555555555556,0,0.0714285714285714
"221",0.0323679727427598,0.0487804878048781,0.00574712643678161,0.0555555555555556,0,0.0714285714285714
"222",0.030664395229983,0.0487804878048781,0.00574712643678161,0.0555555555555556,0,0.0612244897959184
"223",0.030664395229983,0.0487804878048781,0.00574712643678161,0.0555555555555556,0,0.0612244897959184
"224",0.0323679727427598,0.0609756097560976,0.00574712643678161,0.0555555555555556,0,0.0612244897959184
"225",0.0323679727427598,0.0609756097560976,0.00574712643678161,0.0555555555555556,0,0.0612244897959184
"226",0.0323679727427598,0.0609756097560976,0.00574712643678161,0.0555555555555556,0,0.0612244897959184
"227",0.0340715502555366,0.0731707317073171,0.00574712643678161,0.0555555555555556,0,0.0612244897959184
"228",0.0323679727427598,0.0609756097560976,0.00574712643678161,0.0555555555555556,0,0.0612244897959184
"229",0.0323679727427598,0.0609756097560976,0.00574712643678161,0.0555555555555556,0,0.0612244897959184
"230",0.0340715502555366,0.0609756097560976,0.00574712643678161,0.0555555555555556,0,0.0714285714285714
"231",0.0357751277683135,0.0731707317073171,0.00574712643678161,0.0555555555555556,0,0.0714285714285714
"232",0.0357751277683135,0.0731707317073171,0.00574712643678161,0.0555555555555556,0,0.0714285714285714
"233",0.0357751277683135,0.0731707317073171,0.00574712643678161,0.0555555555555556,0,0.0714285714285714
"234",0.0340715502555366,0.0731707317073171,0.00574712643678161,0.0555555555555556,0,0.0612244897959184
"235",0.0357751277683135,0.0731707317073171,0.00574712643678161,0.0555555555555556,0,0.0714285714285714
"236",0.0357751277683135,0.0731707317073171,0.00574712643678161,0.0555555555555556,0,0.0714285714285714
"237",0.0357751277683135,0.0731707317073171,0.00574712643678161,0.0555555555555556,0,0.0714285714285714
"238",0.0357751277683135,0.0731707317073171,0.00574712643678161,0.0555555555555556,0,0.0714285714285714
"239",0.0357751277683135,0.0731707317073171,0.00574712643678161,0.0555555555555556,0,0.0714285714285714
"240",0.0340715502555366,0.0609756097560976,0.00574712643678161,0.0555555555555556,0,0.0714285714285714
"241",0.0357751277683135,0.0731707317073171,0.00574712643678161,0.0555555555555556,0,0.0714285714285714
"242",0.0340715502555366,0.0609756097560976,0.00574712643678161,0.0555555555555556,0,0.0714285714285714
"243",0.0357751277683135,0.0731707317073171,0.00574712643678161,0.0555555555555556,0,0.0714285714285714
"244",0.0357751277683135,0.0731707317073171,0.00574712643678161,0.0555555555555556,0,0.0714285714285714
"245",0.0357751277683135,0.0731707317073171,0.00574712643678161,0.0555555555555556,0,0.0714285714285714
"246",0.0340715502555366,0.0609756097560976,0.00574712643678161,0.0555555555555556,0,0.0714285714285714
"247",0.0357751277683135,0.0731707317073171,0.00574712643678161,0.0555555555555556,0,0.0714285714285714
"248",0.0340715502555366,0.0609756097560976,0.00574712643678161,0.0555555555555556,0,0.0714285714285714
"249",0.0340715502555366,0.0609756097560976,0.00574712643678161,0.0555555555555556,0,0.0714285714285714
"250",0.0340715502555366,0.0609756097560976,0.00574712643678161,0.0555555555555556,0,0.0714285714285714
"251",0.0340715502555366,0.0609756097560976,0.00574712643678161,0.0555555555555556,0,0.0714285714285714
"252",0.0323679727427598,0.0609756097560976,0.00574712643678161,0.0555555555555556,0,0.0612244897959184
"253",0.0323679727427598,0.0487804878048781,0.00574712643678161,0.0555555555555556,0,0.0714285714285714
"254",0.0323679727427598,0.0487804878048781,0.00574712643678161,0.0555555555555556,0,0.0714285714285714
"255",0.030664395229983,0.0365853658536585,0.00574712643678161,0.0555555555555556,0,0.0714285714285714
"256",0.0289608177172061,0.0365853658536585,0.00574712643678161,0.0555555555555556,0,0.0612244897959184
"257",0.0289608177172061,0.0365853658536585,0.00574712643678161,0.0555555555555556,0,0.0612244897959184
"258",0.0323679727427598,0.0487804878048781,0.00574712643678161,0.0555555555555556,0,0.0714285714285714
"259",0.0357751277683135,0.0731707317073171,0.00574712643678161,0.0555555555555556,0,0.0714285714285714
"260",0.0340715502555366,0.0731707317073171,0.00574712643678161,0.0555555555555556,0,0.0612244897959184
"261",0.0357751277683135,0.0731707317073171,0.00574712643678161,0.0555555555555556,0,0.0714285714285714
"262",0.0340715502555366,0.0609756097560976,0.00574712643678161,0.0555555555555556,0,0.0714285714285714
"263",0.0340715502555366,0.0731707317073171,0.00574712643678161,0.0555555555555556,0,0.0612244897959184
"264",0.0323679727427598,0.0609756097560976,0.00574712643678161,0.0555555555555556,0,0.0612244897959184
"265",0.0323679727427598,0.0609756097560976,0.00574712643678161,0.0555555555555556,0,0.0612244897959184
"266",0.0323679727427598,0.0487804878048781,0.00574712643678161,0.0555555555555556,0,0.0714285714285714
"267",0.030664395229983,0.0487804878048781,0.00574712643678161,0.0555555555555556,0,0.0612244897959184
"268",0.0323679727427598,0.0487804878048781,0.00574712643678161,0.0555555555555556,0,0.0714285714285714
"269",0.0323679727427598,0.0487804878048781,0.00574712643678161,0.0555555555555556,0,0.0714285714285714
"270",0.0323679727427598,0.0487804878048781,0.00574712643678161,0.0555555555555556,0,0.0714285714285714
"271",0.0323679727427598,0.0487804878048781,0.00574712643678161,0.0555555555555556,0,0.0714285714285714
"272",0.030664395229983,0.0487804878048781,0.00574712643678161,0.0555555555555556,0,0.0612244897959184
"273",0.0323679727427598,0.0487804878048781,0.00574712643678161,0.0555555555555556,0,0.0714285714285714
"274",0.030664395229983,0.0487804878048781,0.00574712643678161,0.0555555555555556,0,0.0612244897959184
"275",0.030664395229983,0.0487804878048781,0.00574712643678161,0.0555555555555556,0,0.0612244897959184
"276",0.030664395229983,0.0487804878048781,0.00574712643678161,0.0555555555555556,0,0.0612244897959184
"277",0.030664395229983,0.0487804878048781,0.00574712643678161,0.0555555555555556,0,0.0612244897959184
"278",0.0323679727427598,0.0487804878048781,0.00574712643678161,0.0555555555555556,0,0.0714285714285714
"279",0.030664395229983,0.0487804878048781,0.00574712643678161,0.0555555555555556,0,0.0612244897959184
"280",0.030664395229983,0.0487804878048781,0.00574712643678161,0.0555555555555556,0,0.0612244897959184
"281",0.030664395229983,0.0487804878048781,0.00574712643678161,0.0555555555555556,0,0.0612244897959184
"282",0.030664395229983,0.0487804878048781,0.00574712643678161,0.0555555555555556,0,0.0612244897959184
"283",0.0323679727427598,0.0487804878048781,0.00574712643678161,0.0555555555555556,0,0.0714285714285714
"284",0.030664395229983,0.0487804878048781,0.00574712643678161,0.0555555555555556,0,0.0612244897959184
"285",0.0340715502555366,0.0609756097560976,0.00574712643678161,0.0555555555555556,0,0.0714285714285714
"286",0.0340715502555366,0.0609756097560976,0.00574712643678161,0.0555555555555556,0,0.0714285714285714
"287",0.0340715502555366,0.0609756097560976,0.00574712643678161,0.0555555555555556,0,0.0714285714285714
"288",0.0340715502555366,0.0609756097560976,0.00574712643678161,0.0555555555555556,0,0.0714285714285714
"289",0.0340715502555366,0.0609756097560976,0.00574712643678161,0.0555555555555556,0,0.0714285714285714
"290",0.0323679727427598,0.0609756097560976,0.00574712643678161,0.0555555555555556,0,0.0612244897959184
"291",0.0323679727427598,0.0609756097560976,0.00574712643678161,0.0555555555555556,0,0.0612244897959184
"292",0.0323679727427598,0.0609756097560976,0.00574712643678161,0.0555555555555556,0,0.0612244897959184
"293",0.030664395229983,0.0487804878048781,0.00574712643678161,0.0555555555555556,0,0.0612244897959184
"294",0.0323679727427598,0.0609756097560976,0.00574712643678161,0.0555555555555556,0,0.0612244897959184
"295",0.030664395229983,0.0487804878048781,0.00574712643678161,0.0555555555555556,0,0.0612244897959184
"296",0.0323679727427598,0.0609756097560976,0.00574712643678161,0.0555555555555556,0,0.0612244897959184
"297",0.030664395229983,0.0487804878048781,0.00574712643678161,0.0555555555555556,0,0.0612244897959184
"298",0.030664395229983,0.0487804878048781,0.00574712643678161,0.0555555555555556,0,0.0612244897959184
"299",0.030664395229983,0.0487804878048781,0.00574712643678161,0.0555555555555556,0,0.0612244897959184
"300",0.0323679727427598,0.0609756097560976,0.00574712643678161,0.0555555555555556,0,0.0612244897959184
"301",0.0323679727427598,0.0609756097560976,0.00574712643678161,0.0555555555555556,0,0.0612244897959184
"302",0.0323679727427598,0.0609756097560976,0.00574712643678161,0.0555555555555556,0,0.0612244897959184
"303",0.0323679727427598,0.0609756097560976,0.00574712643678161,0.0555555555555556,0,0.0612244897959184
"304",0.0323679727427598,0.0609756097560976,0.00574712643678161,0.0555555555555556,0,0.0612244897959184
"305",0.030664395229983,0.0487804878048781,0.00574712643678161,0.0555555555555556,0,0.0612244897959184
"306",0.030664395229983,0.0487804878048781,0.00574712643678161,0.0555555555555556,0,0.0612244897959184
"307",0.030664395229983,0.0487804878048781,0.00574712643678161,0.0555555555555556,0,0.0612244897959184
"308",0.030664395229983,0.0487804878048781,0.00574712643678161,0.0555555555555556,0,0.0612244897959184
"309",0.030664395229983,0.0487804878048781,0.00574712643678161,0.0555555555555556,0,0.0612244897959184
"310",0.0323679727427598,0.0609756097560976,0.00574712643678161,0.0555555555555556,0,0.0612244897959184
"311",0.030664395229983,0.0487804878048781,0.00574712643678161,0.0555555555555556,0,0.0612244897959184
"312",0.030664395229983,0.0487804878048781,0.00574712643678161,0.0555555555555556,0,0.0612244897959184
"313",0.030664395229983,0.0487804878048781,0.00574712643678161,0.0555555555555556,0,0.0612244897959184
"314",0.030664395229983,0.0487804878048781,0.00574712643678161,0.0555555555555556,0,0.0612244897959184
"315",0.030664395229983,0.0487804878048781,0.00574712643678161,0.0555555555555556,0,0.0612244897959184
"316",0.030664395229983,0.0487804878048781,0.00574712643678161,0.0555555555555556,0,0.0612244897959184
"317",0.030664395229983,0.0487804878048781,0.00574712643678161,0.0555555555555556,0,0.0612244897959184
"318",0.030664395229983,0.0487804878048781,0.00574712643678161,0.0555555555555556,0,0.0612244897959184
"319",0.030664395229983,0.0487804878048781,0.00574712643678161,0.0555555555555556,0,0.0612244897959184
"320",0.030664395229983,0.0487804878048781,0.00574712643678161,0.0555555555555556,0,0.0612244897959184
"321",0.0323679727427598,0.0609756097560976,0.00574712643678161,0.0555555555555556,0,0.0612244897959184
"322",0.030664395229983,0.0487804878048781,0.00574712643678161,0.0555555555555556,0,0.0612244897959184
"323",0.030664395229983,0.0487804878048781,0.00574712643678161,0.0555555555555556,0,0.0612244897959184
"324",0.030664395229983,0.0487804878048781,0.00574712643678161,0.0555555555555556,0,0.0612244897959184
"325",0.0323679727427598,0.0609756097560976,0.00574712643678161,0.0555555555555556,0,0.0612244897959184
"326",0.030664395229983,0.0487804878048781,0.00574712643678161,0.0555555555555556,0,0.0612244897959184
"327",0.030664395229983,0.0487804878048781,0.00574712643678161,0.0555555555555556,0,0.0612244897959184
"328",0.030664395229983,0.0487804878048781,0.00574712643678161,0.0555555555555556,0,0.0612244897959184
"329",0.030664395229983,0.0487804878048781,0.00574712643678161,0.0555555555555556,0,0.0612244897959184
"330",0.030664395229983,0.0487804878048781,0.00574712643678161,0.0555555555555556,0,0.0612244897959184
"331",0.030664395229983,0.0487804878048781,0.00574712643678161,0.0555555555555556,0,0.0612244897959184
"332",0.030664395229983,0.0487804878048781,0.00574712643678161,0.0555555555555556,0,0.0612244897959184
"333",0.030664395229983,0.0487804878048781,0.00574712643678161,0.0555555555555556,0,0.0612244897959184
"334",0.030664395229983,0.0487804878048781,0.00574712643678161,0.0555555555555556,0,0.0612244897959184
"335",0.030664395229983,0.0487804878048781,0.00574712643678161,0.0555555555555556,0,0.0612244897959184
"336",0.030664395229983,0.0487804878048781,0.00574712643678161,0.0555555555555556,0,0.0612244897959184
"337",0.030664395229983,0.0487804878048781,0.00574712643678161,0.0555555555555556,0,0.0612244897959184
"338",0.030664395229983,0.0487804878048781,0.00574712643678161,0.0555555555555556,0,0.0612244897959184
"339",0.030664395229983,0.0487804878048781,0.00574712643678161,0.0555555555555556,0,0.0612244897959184
"340",0.030664395229983,0.0487804878048781,0.00574712643678161,0.0555555555555556,0,0.0612244897959184
"341",0.0289608177172061,0.0487804878048781,0.00574712643678161,0.0555555555555556,0,0.0510204081632653
"342",0.030664395229983,0.0487804878048781,0.00574712643678161,0.0555555555555556,0,0.0612244897959184
"343",0.030664395229983,0.0487804878048781,0.00574712643678161,0.0555555555555556,0,0.0612244897959184
"344",0.030664395229983,0.0487804878048781,0.00574712643678161,0.0555555555555556,0,0.0612244897959184
"345",0.0289608177172061,0.0487804878048781,0.00574712643678161,0.0555555555555556,0,0.0510204081632653
"346",0.0289608177172061,0.0487804878048781,0.00574712643678161,0.0555555555555556,0,0.0510204081632653
"347",0.0289608177172061,0.0487804878048781,0.00574712643678161,0.0555555555555556,0,0.0510204081632653
"348",0.0289608177172061,0.0487804878048781,0.00574712643678161,0.0555555555555556,0,0.0510204081632653
"349",0.0289608177172061,0.0487804878048781,0.00574712643678161,0.0555555555555556,0,0.0510204081632653
"350",0.0289608177172061,0.0487804878048781,0.00574712643678161,0.0555555555555556,0,0.0510204081632653
"351",0.0289608177172061,0.0487804878048781,0.00574712643678161,0.0555555555555556,0,0.0510204081632653
"352",0.030664395229983,0.0609756097560976,0.00574712643678161,0.0555555555555556,0,0.0510204081632653
"353",0.0289608177172061,0.0487804878048781,0.00574712643678161,0.0555555555555556,0,0.0510204081632653
"354",0.0289608177172061,0.0487804878048781,0.00574712643678161,0.0555555555555556,0,0.0510204081632653
"355",0.0289608177172061,0.0487804878048781,0.00574712643678161,0.0555555555555556,0,0.0510204081632653
"356",0.0289608177172061,0.0487804878048781,0.00574712643678161,0.0555555555555556,0,0.0510204081632653
"357",0.0289608177172061,0.0487804878048781,0.00574712643678161,0.0555555555555556,0,0.0510204081632653
"358",0.0289608177172061,0.0487804878048781,0.00574712643678161,0.0555555555555556,0,0.0510204081632653
"359",0.0289608177172061,0.0487804878048781,0.00574712643678161,0.0555555555555556,0,0.0510204081632653
"360",0.0289608177172061,0.0487804878048781,0.00574712643678161,0.0555555555555556,0,0.0510204081632653
"361",0.0289608177172061,0.0487804878048781,0.00574712643678161,0.0555555555555556,0,0.0510204081632653
"362",0.0289608177172061,0.0487804878048781,0.00574712643678161,0.0555555555555556,0,0.0510204081632653
"363",0.0289608177172061,0.0487804878048781,0.00574712643678161,0.0555555555555556,0,0.0510204081632653
"364",0.0289608177172061,0.0487804878048781,0.00574712643678161,0.0555555555555556,0,0.0510204081632653
"365",0.0289608177172061,0.0487804878048781,0.00574712643678161,0.0555555555555556,0,0.0510204081632653
"366",0.0289608177172061,0.0487804878048781,0.00574712643678161,0.0555555555555556,0,0.0510204081632653
"367",0.0289608177172061,0.0487804878048781,0.00574712643678161,0.0555555555555556,0,0.0510204081632653
"368",0.0289608177172061,0.0487804878048781,0.00574712643678161,0.0555555555555556,0,0.0510204081632653
"369",0.0289608177172061,0.0487804878048781,0.00574712643678161,0.0555555555555556,0,0.0510204081632653
"370",0.0289608177172061,0.0487804878048781,0.00574712643678161,0.0555555555555556,0,0.0510204081632653
"371",0.0289608177172061,0.0487804878048781,0.00574712643678161,0.0555555555555556,0,0.0510204081632653
"372",0.0289608177172061,0.0487804878048781,0.00574712643678161,0.0555555555555556,0,0.0510204081632653
"373",0.0289608177172061,0.0487804878048781,0.00574712643678161,0.0555555555555556,0,0.0510204081632653
"374",0.030664395229983,0.0487804878048781,0.00574712643678161,0.0555555555555556,0,0.0612244897959184
"375",0.0289608177172061,0.0487804878048781,0.00574712643678161,0.0555555555555556,0,0.0510204081632653
"376",0.0289608177172061,0.0487804878048781,0.00574712643678161,0.0555555555555556,0,0.0510204081632653
"377",0.0289608177172061,0.0487804878048781,0.00574712643678161,0.0555555555555556,0,0.0510204081632653
"378",0.0289608177172061,0.0487804878048781,0.00574712643678161,0.0555555555555556,0,0.0510204081632653
"379",0.0289608177172061,0.0487804878048781,0.00574712643678161,0.0555555555555556,0,0.0510204081632653
"380",0.0289608177172061,0.0487804878048781,0.00574712643678161,0.0555555555555556,0,0.0510204081632653
"381",0.0289608177172061,0.0487804878048781,0.00574712643678161,0.0555555555555556,0,0.0510204081632653
"382",0.0289608177172061,0.0487804878048781,0.00574712643678161,0.0555555555555556,0,0.0510204081632653
"383",0.0289608177172061,0.0487804878048781,0.00574712643678161,0.0555555555555556,0,0.0510204081632653
"384",0.0289608177172061,0.0487804878048781,0.00574712643678161,0.0555555555555556,0,0.0510204081632653
"385",0.0289608177172061,0.0487804878048781,0.00574712643678161,0.0555555555555556,0,0.0510204081632653
"386",0.0289608177172061,0.0487804878048781,0.00574712643678161,0.0555555555555556,0,0.0510204081632653
"387",0.0289608177172061,0.0487804878048781,0.00574712643678161,0.0555555555555556,0,0.0510204081632653
"388",0.0289608177172061,0.0487804878048781,0.00574712643678161,0.0555555555555556,0,0.0510204081632653
"389",0.0289608177172061,0.0487804878048781,0.00574712643678161,0.0555555555555556,0,0.0510204081632653
"390",0.0289608177172061,0.0487804878048781,0.00574712643678161,0.0555555555555556,0,0.0510204081632653
"391",0.0289608177172061,0.0487804878048781,0.00574712643678161,0.0555555555555556,0,0.0510204081632653
"392",0.0289608177172061,0.0487804878048781,0.00574712643678161,0.0555555555555556,0,0.0510204081632653
"393",0.0289608177172061,0.0487804878048781,0.00574712643678161,0.0555555555555556,0,0.0510204081632653
"394",0.0289608177172061,0.0487804878048781,0.00574712643678161,0.0555555555555556,0,0.0510204081632653
"395",0.0289608177172061,0.0487804878048781,0.00574712643678161,0.0555555555555556,0,0.0510204081632653
"396",0.0289608177172061,0.0487804878048781,0.00574712643678161,0.0555555555555556,0,0.0510204081632653
"397",0.0289608177172061,0.0487804878048781,0.00574712643678161,0.0555555555555556,0,0.0510204081632653
"398",0.0289608177172061,0.0487804878048781,0.00574712643678161,0.0555555555555556,0,0.0510204081632653
"399",0.0289608177172061,0.0487804878048781,0.00574712643678161,0.0555555555555556,0,0.0510204081632653
"400",0.0289608177172061,0.0487804878048781,0.00574712643678161,0.0555555555555556,0,0.0510204081632653
"401",0.0289608177172061,0.0487804878048781,0.00574712643678161,0.0555555555555556,0,0.0510204081632653
"402",0.0289608177172061,0.0487804878048781,0.00574712643678161,0.0555555555555556,0,0.0510204081632653
"403",0.0289608177172061,0.0487804878048781,0.00574712643678161,0.0555555555555556,0,0.0510204081632653
"404",0.0289608177172061,0.0487804878048781,0.00574712643678161,0.0555555555555556,0,0.0510204081632653
"405",0.0289608177172061,0.0487804878048781,0.00574712643678161,0.0555555555555556,0,0.0510204081632653
"406",0.0289608177172061,0.0487804878048781,0.00574712643678161,0.0555555555555556,0,0.0510204081632653
"407",0.0289608177172061,0.0487804878048781,0.00574712643678161,0.0555555555555556,0,0.0510204081632653
"408",0.0289608177172061,0.0487804878048781,0.00574712643678161,0.0555555555555556,0,0.0510204081632653
"409",0.0289608177172061,0.0487804878048781,0.00574712643678161,0.0555555555555556,0,0.0510204081632653
"410",0.0289608177172061,0.0487804878048781,0.00574712643678161,0.0555555555555556,0,0.0510204081632653
"411",0.0289608177172061,0.0487804878048781,0.00574712643678161,0.0555555555555556,0,0.0510204081632653
"412",0.0289608177172061,0.0487804878048781,0.00574712643678161,0.0555555555555556,0,0.0510204081632653
"413",0.0289608177172061,0.0487804878048781,0.00574712643678161,0.0555555555555556,0,0.0510204081632653
"414",0.0289608177172061,0.0487804878048781,0.00574712643678161,0.0555555555555556,0,0.0510204081632653
"415",0.0289608177172061,0.0487804878048781,0.00574712643678161,0.0555555555555556,0,0.0510204081632653
"416",0.0289608177172061,0.0487804878048781,0.00574712643678161,0.0555555555555556,0,0.0510204081632653
"417",0.0289608177172061,0.0487804878048781,0.00574712643678161,0.0555555555555556,0,0.0510204081632653
"418",0.0272572402044293,0.0487804878048781,0.00574712643678161,0.0555555555555556,0,0.0408163265306122
"419",0.0289608177172061,0.0487804878048781,0.00574712643678161,0.0555555555555556,0,0.0510204081632653
"420",0.0272572402044293,0.0487804878048781,0.00574712643678161,0.0555555555555556,0,0.0408163265306122
"421",0.0272572402044293,0.0487804878048781,0.00574712643678161,0.0555555555555556,0,0.0408163265306122
"422",0.0272572402044293,0.0487804878048781,0.00574712643678161,0.0555555555555556,0,0.0408163265306122
"423",0.0272572402044293,0.0487804878048781,0.00574712643678161,0.0555555555555556,0,0.0408163265306122
"424",0.0272572402044293,0.0487804878048781,0.00574712643678161,0.0555555555555556,0,0.0408163265306122
"425",0.0272572402044293,0.0487804878048781,0.00574712643678161,0.0555555555555556,0,0.0408163265306122
"426",0.0272572402044293,0.0487804878048781,0.00574712643678161,0.0555555555555556,0,0.0408163265306122
"427",0.0272572402044293,0.0487804878048781,0.00574712643678161,0.0555555555555556,0,0.0408163265306122
"428",0.0272572402044293,0.0487804878048781,0.00574712643678161,0.0555555555555556,0,0.0408163265306122
"429",0.0272572402044293,0.0487804878048781,0.00574712643678161,0.0555555555555556,0,0.0408163265306122
"430",0.0272572402044293,0.0487804878048781,0.00574712643678161,0.0555555555555556,0,0.0408163265306122
"431",0.0272572402044293,0.0487804878048781,0.00574712643678161,0.0555555555555556,0,0.0408163265306122
"432",0.0272572402044293,0.0487804878048781,0.00574712643678161,0.0555555555555556,0,0.0408163265306122
"433",0.0272572402044293,0.0487804878048781,0.00574712643678161,0.0555555555555556,0,0.0408163265306122
"434",0.0272572402044293,0.0487804878048781,0.00574712643678161,0.0555555555555556,0,0.0408163265306122
"435",0.0272572402044293,0.0487804878048781,0.00574712643678161,0.0555555555555556,0,0.0408163265306122
"436",0.0272572402044293,0.0487804878048781,0.00574712643678161,0.0555555555555556,0,0.0408163265306122
"437",0.0272572402044293,0.0487804878048781,0.00574712643678161,0.0555555555555556,0,0.0408163265306122
"438",0.0272572402044293,0.0487804878048781,0.00574712643678161,0.0555555555555556,0,0.0408163265306122
"439",0.0272572402044293,0.0487804878048781,0.00574712643678161,0.0555555555555556,0,0.0408163265306122
"440",0.0272572402044293,0.0487804878048781,0.00574712643678161,0.0555555555555556,0,0.0408163265306122
"441",0.0272572402044293,0.0487804878048781,0.00574712643678161,0.0555555555555556,0,0.0408163265306122
"442",0.0272572402044293,0.0487804878048781,0.00574712643678161,0.0555555555555556,0,0.0408163265306122
"443",0.0272572402044293,0.0487804878048781,0.00574712643678161,0.0555555555555556,0,0.0408163265306122
"444",0.0272572402044293,0.0487804878048781,0.00574712643678161,0.0555555555555556,0,0.0408163265306122
"445",0.0272572402044293,0.0487804878048781,0.00574712643678161,0.0555555555555556,0,0.0408163265306122
"446",0.0272572402044293,0.0487804878048781,0.00574712643678161,0.0555555555555556,0,0.0408163265306122
"447",0.0272572402044293,0.0487804878048781,0.00574712643678161,0.0555555555555556,0,0.0408163265306122
"448",0.0272572402044293,0.0487804878048781,0.00574712643678161,0.0555555555555556,0,0.0408163265306122
"449",0.0272572402044293,0.0487804878048781,0.00574712643678161,0.0555555555555556,0,0.0408163265306122
"450",0.0272572402044293,0.0487804878048781,0.00574712643678161,0.0555555555555556,0,0.0408163265306122
"451",0.0272572402044293,0.0487804878048781,0.00574712643678161,0.0555555555555556,0,0.0408163265306122
"452",0.0272572402044293,0.0487804878048781,0.00574712643678161,0.0555555555555556,0,0.0408163265306122
"453",0.0272572402044293,0.0487804878048781,0.00574712643678161,0.0555555555555556,0,0.0408163265306122
"454",0.0272572402044293,0.0487804878048781,0.00574712643678161,0.0555555555555556,0,0.0408163265306122
"455",0.0272572402044293,0.0487804878048781,0.00574712643678161,0.0555555555555556,0,0.0408163265306122
"456",0.0255536626916525,0.0365853658536585,0.00574712643678161,0.0555555555555556,0,0.0408163265306122
"457",0.0255536626916525,0.0365853658536585,0.00574712643678161,0.0555555555555556,0,0.0408163265306122
"458",0.0255536626916525,0.0365853658536585,0.00574712643678161,0.0555555555555556,0,0.0408163265306122
"459",0.0255536626916525,0.0365853658536585,0.00574712643678161,0.0555555555555556,0,0.0408163265306122
"460",0.0272572402044293,0.0487804878048781,0.00574712643678161,0.0555555555555556,0,0.0408163265306122
"461",0.0272572402044293,0.0487804878048781,0.00574712643678161,0.0555555555555556,0,0.0408163265306122
"462",0.0272572402044293,0.0487804878048781,0.00574712643678161,0.0555555555555556,0,0.0408163265306122
"463",0.0272572402044293,0.0487804878048781,0.00574712643678161,0.0555555555555556,0,0.0408163265306122
"464",0.0272572402044293,0.0487804878048781,0.00574712643678161,0.0555555555555556,0,0.0408163265306122
"465",0.0272572402044293,0.0487804878048781,0.00574712643678161,0.0555555555555556,0,0.0408163265306122
"466",0.0272572402044293,0.0487804878048781,0.00574712643678161,0.0555555555555556,0,0.0408163265306122
"467",0.0272572402044293,0.0487804878048781,0.00574712643678161,0.0555555555555556,0,0.0408163265306122
"468",0.0272572402044293,0.0487804878048781,0.00574712643678161,0.0555555555555556,0,0.0408163265306122
"469",0.0272572402044293,0.0487804878048781,0.00574712643678161,0.0555555555555556,0,0.0408163265306122
"470",0.0272572402044293,0.0487804878048781,0.00574712643678161,0.0555555555555556,0,0.0408163265306122
"471",0.0272572402044293,0.0487804878048781,0.00574712643678161,0.0555555555555556,0,0.0408163265306122
"472",0.0272572402044293,0.0487804878048781,0.00574712643678161,0.0555555555555556,0,0.0408163265306122
"473",0.0272572402044293,0.0487804878048781,0.00574712643678161,0.0555555555555556,0,0.0408163265306122
"474",0.0272572402044293,0.0487804878048781,0.00574712643678161,0.0555555555555556,0,0.0408163265306122
"475",0.0272572402044293,0.0487804878048781,0.00574712643678161,0.0555555555555556,0,0.0408163265306122
"476",0.0272572402044293,0.0487804878048781,0.00574712643678161,0.0555555555555556,0,0.0408163265306122
"477",0.0272572402044293,0.0487804878048781,0.00574712643678161,0.0555555555555556,0,0.0408163265306122
"478",0.0272572402044293,0.0487804878048781,0.00574712643678161,0.0555555555555556,0,0.0408163265306122
"479",0.0272572402044293,0.0487804878048781,0.00574712643678161,0.0555555555555556,0,0.0408163265306122
"480",0.0272572402044293,0.0487804878048781,0.00574712643678161,0.0555555555555556,0,0.0408163265306122
"481",0.0272572402044293,0.0487804878048781,0.00574712643678161,0.0555555555555556,0,0.0408163265306122
"482",0.0272572402044293,0.0487804878048781,0.00574712643678161,0.0555555555555556,0,0.0408163265306122
"483",0.0272572402044293,0.0487804878048781,0.00574712643678161,0.0555555555555556,0,0.0408163265306122
"484",0.0272572402044293,0.0487804878048781,0.00574712643678161,0.0555555555555556,0,0.0408163265306122
"485",0.0272572402044293,0.0487804878048781,0.00574712643678161,0.0555555555555556,0,0.0408163265306122
"486",0.0272572402044293,0.0487804878048781,0.00574712643678161,0.0555555555555556,0,0.0408163265306122
"487",0.0272572402044293,0.0487804878048781,0.00574712643678161,0.0555555555555556,0,0.0408163265306122
"488",0.0272572402044293,0.0487804878048781,0.00574712643678161,0.0555555555555556,0,0.0408163265306122
"489",0.0272572402044293,0.0487804878048781,0.00574712643678161,0.0555555555555556,0,0.0408163265306122
"490",0.0272572402044293,0.0487804878048781,0.00574712643678161,0.0555555555555556,0,0.0408163265306122
"491",0.0272572402044293,0.0487804878048781,0.00574712643678161,0.0555555555555556,0,0.0408163265306122
"492",0.0272572402044293,0.0487804878048781,0.00574712643678161,0.0555555555555556,0,0.0408163265306122
"493",0.0272572402044293,0.0487804878048781,0.00574712643678161,0.0555555555555556,0,0.0408163265306122
"494",0.0272572402044293,0.0487804878048781,0.00574712643678161,0.0555555555555556,0,0.0408163265306122
"495",0.0272572402044293,0.0487804878048781,0.00574712643678161,0.0555555555555556,0,0.0408163265306122
"496",0.0272572402044293,0.0487804878048781,0.00574712643678161,0.0555555555555556,0,0.0408163265306122
"497",0.0272572402044293,0.0487804878048781,0.00574712643678161,0.0555555555555556,0,0.0408163265306122
"498",0.0272572402044293,0.0487804878048781,0.00574712643678161,0.0555555555555556,0,0.0408163265306122
"499",0.0272572402044293,0.0487804878048781,0.00574712643678161,0.0555555555555556,0,0.0408163265306122
"500",0.0272572402044293,0.0487804878048781,0.00574712643678161,0.0555555555555556,0,0.0408163265306122
