   490.000000   866.000000   529.000000  1564.000000  1038.000000
   560.000000  1150.000000   775.000000  2008.000000  1430.000122
   665.000000  1478.000000  1016.000000  2154.000000  1600.000000
   705.000000  1552.000000  1116.000000  2090.000000  1863.000000
   740.000000  1600.000000  1169.000000  2127.000000  2078.000000
   786.000000  1705.000000  1267.000000  2252.000000  2200.000000
   842.000000  1810.000000  1307.999878  2302.000000  2036.000000
   865.000000  1878.000000  1331.000000  2268.000000  2299.000000
  1610.000000  2195.000000  1497.000000  2534.000000  2401.000000
  2190.000000  1791.999878  1130.000000  2261.000000  2107.000000
