   490.000000   527.000000   525.000000   538.000000   510.000000
   560.000000   756.000000   760.000000   771.000000   757.000000
   665.000000  1142.000000  1092.000000  1042.000000  1130.000000
   705.000000  1358.000000  1359.000000  1227.000000  1328.000000
   740.000000  1544.999878  1481.000000  1383.000000  1547.000000
   786.000000  1756.000122  1624.000122  1509.000122  1782.999878
   842.000000  1747.999878  1722.000000  1560.000000  1712.000122
   865.000000  2090.000000  1939.000000  1756.000122  2107.000000
  1610.000000  2570.000000  2578.000244  2521.000000  2393.000000
  2190.000000  1775.000000  1819.000000  1826.000122  1664.000000
