   490.000000   193.000000   130.000000   408.000000   266.000000   186.000000   198.000000   259.000000   269.000000
   560.000000   343.000000   324.000000   628.000000   457.000000   366.000000   366.000000   419.000000   388.000000
   665.000000   305.000000   343.000000   562.000000   403.999969   313.000000   347.000000   435.000000   377.000000
   705.000000   663.000000   717.000000   904.000000   693.000061   460.000000   571.000000   653.000000   605.000000
   740.000000   683.000000   824.000000   749.000000   988.000061   507.000000   624.000000   751.000000   725.000000
   786.000000   661.000000   869.000061   801.000000  1071.000000   556.000000   629.000000   897.000000   773.000000
   842.000000   412.000000   602.000000   332.000000   694.000000   309.000000   381.000000   619.000000   534.000000
   865.000000   628.000000   979.000061   779.000000  1189.000000   674.000000   781.000061   871.000000   904.000000
  1610.000000   924.000000  1333.000122   857.000000   651.000000   543.000000   780.000000   795.000000   671.000061
  2190.000000   849.000000  1013.000000   710.000000   452.000000   377.000000   568.000000   584.000000   553.000000
