ENVI ASCII Plot File [Fri Aug 06 16:48:44 2021]
Column 1: Wavelength
Column 2: GreenVegetation_X101_Y73~~1
Column 3: GreenVegetation_X144_Y96~~2
Column 4: GreenVegetation_X19_Y10~~3
Column 5: GreenVegetation_X56_Y15~~4
   490.000000   346.000000   416.000000   408.000000   435.000000
   560.000000   475.000000   539.000000   570.000000   604.000000
   665.000000   529.000000   677.000000   711.000000   661.000000
   705.000000   747.000000   871.000000  1034.000000  1123.000000
   740.000000  1018.000000  1077.000000  1366.000000  1591.000000
   783.000000  1106.000000  1201.000000  1580.000000  1793.000000
   842.000000  1216.000000  1346.000000  1700.000000  1992.000000
   865.000000  1245.000000  1440.000000  1842.000000  2081.000000
  1610.000000  1009.000000  1531.000000  1391.000000  1404.000000
  2190.000000   747.000000  1156.000000   933.000000   918.000000
