ENVI ASCII Plot File [Fri Aug 06 16:49:10 2021]
Column 1: Wavelength
Column 2: NPV_X153_Y68~~1
Column 3: NPV_X137_Y64~~2
Column 4: NPV_X155_Y69~~3
Column 5: NPV_X138_Y65~~4
   490.000000   641.000000   618.000000   641.000000   572.000000
   560.000000   802.000000   773.000000   758.000000   756.000000
   665.000000  1072.000000   974.000000  1056.000000   954.000000
   705.000000  1182.000000  1100.000000  1198.000000  1100.000000
   740.000000  1258.000000  1176.000000  1289.000000  1176.000000
   783.000000  1403.000000  1266.000000  1391.000000  1266.000000
   842.000000  1584.000000  1462.000000  1550.000000  1358.000000
   865.000000  1618.000000  1495.000000  1558.000000  1495.000000
  1610.000000  2466.000000  2311.000000  2336.000000  2311.000000
  2190.000000  1873.000000  1765.000000  1844.000000  1765.000000
