ENVI ASCII Plot File [Fri Aug 06 16:48:17 2021]
Column 1: Wavelength
Column 2: BareSoil_X98_Y59~~1
Column 3: BareSoil_X68_Y81~~2
Column 4: BareSoil_X130_Y64~~3
Column 5: BareSoil_X113_Y36~~4
   490.000000   490.000000  1338.000000   577.000000   619.000000
   560.000000   577.000000  1624.000000   804.000000   856.000000
   665.000000   761.000000  1824.000000  1001.000000  1062.000000
   705.000000   834.000000  1912.000000  1142.000000  1197.000000
   740.000000   835.000000  1963.000000  1232.000000  1329.000000
   783.000000  1031.000000  2092.000000  1378.000000  1459.000000
   842.000000  1080.000000  2198.000000  1440.000000  1530.000000
   865.000000  1139.000000  2195.000000  1514.000000  1605.000000
  1610.000000  1235.000000  2684.000000  1660.000000  1868.000000
  2190.000000   891.000000  2363.000000  1215.000000  1456.000000
